061017 1000 123.5400000 123.9700000 123.4300000 123.4800000 1982070
061017 1015 123.4800000 123.8000000 123.4600000 123.7900000 584460
061017 1030 123.7900000 123.8300000 123.5600000 123.6500000 1015870
061017 1045 123.6500000 124.3200000 123.6200000 124.2100000 3769340
061017 1100 124.2100000 124.3400000 124.0900000 124.3400000 2255660
061017 1115 124.3400000 124.4800000 124.1100000 124.1900000 1589230
061017 1130 124.2100000 124.3500000 124.1500000 124.2600000 555800
061017 1145 124.2700000 124.2700000 124.1100000 124.2500000 362650
061017 1200 124.2300000 124.2500000 124.1100000 124.2500000 459140
061017 1215 124.2400000 124.2500000 123.8000000 123.8200000 1731770
061017 1230 123.8200000 124.0000000 123.8200000 124.0000000 440530
061017 1245 123.9700000 124.1500000 123.8300000 124.1100000 779730
061017 1300 124.1100000 124.2500000 124.1100000 124.1800000 913580
061017 1315 124.1500000 124.2500000 124.1300000 124.2400000 647470
061017 1330 124.2200000 124.2500000 124.1900000 124.2200000 320860
061017 1345 124.2300000 124.2500000 124.0300000 124.0800000 206290
061017 1400 124.0800000 124.2100000 123.9900000 124.2100000 305980
061017 1415 124.2200000 124.2500000 124.1300000 124.2500000 314210
061017 1430 124.2500000 124.2500000 124.0100000 124.0800000 507050
061017 1445 124.0800000 124.2000000 123.8400000 123.9000000 407260
061017 1500 123.8700000 123.8700000 123.6100000 123.8000000 447870
061017 1515 123.7600000 123.7600000 123.4800000 123.5400000 515420
061017 1530 123.5400000 124.0800000 123.5400000 123.9700000 971300
061017 1545 123.9700000 124.0600000 123.8400000 124.0100000 562910
061017 1600 124.0000000 124.0800000 123.6100000 123.8400000 908450
061017 1615 123.8400000 124.0000000 123.7300000 123.9000000 301240
061017 1630 123.8900000 123.9800000 123.7200000 123.9000000 689900
061017 1645 123.8800000 123.9500000 123.6300000 123.7700000 576450
061017 1700 123.7700000 123.8000000 123.5000000 123.7700000 893260
061017 1715 123.7700000 123.8000000 123.5000000 123.6500000 828650
061017 1730 123.6600000 123.7400000 123.5400000 123.7000000 539940
061017 1745 123.7200000 123.7600000 123.4400000 123.5000000 539300
061017 1800 123.5000000 123.6000000 123.4200000 123.4600000 1034380
061017 1815 123.4700000 123.5100000 123.2700000 123.3000000 1222570
061017 1830 123.2800000 123.4900000 123.2700000 123.3200000 908460
061017 1845 123.4700000 123.4700000 123.4700000 123.4700000 181650
