061017 1000 194.3000000 195.7000000 194.3000000 194.9300000 6364440
061017 1015 194.9900000 195.2500000 194.4200000 195.1900000 2284280
061017 1030 195.1900000 195.7800000 195.0000000 195.5600000 2905080
061017 1045 195.5600000 195.9800000 195.4000000 195.9200000 2350510
061017 1100 195.9200000 196.4200000 195.2900000 195.5000000 3665960
061017 1115 195.5000000 195.7700000 195.4000000 195.7600000 1014810
061017 1130 195.7600000 196.2300000 195.5500000 196.0100000 2012200
061017 1145 196.0200000 196.1300000 195.8100000 196.0000000 859690
061017 1200 196.0000000 196.1000000 195.5000000 195.8600000 1199240
061017 1215 195.8900000 195.9900000 195.4300000 195.5100000 1003500
061017 1230 195.5200000 195.6000000 195.0500000 195.3000000 808960
061017 1245 195.3000000 195.5700000 195.2000000 195.3500000 861420
061017 1300 195.3900000 195.5000000 195.3500000 195.4000000 224600
061017 1315 195.4100000 195.7900000 195.3700000 195.6300000 544870
061017 1330 195.6200000 195.9400000 195.5000000 195.9200000 418250
061017 1345 195.9100000 195.9500000 195.4500000 195.4900000 569400
061017 1400 195.5100000 195.8600000 195.5000000 195.7900000 647760
061017 1415 195.8000000 195.9900000 195.6700000 195.9800000 791850
061017 1430 195.9800000 195.9900000 195.6400000 195.7100000 603920
061017 1445 195.7300000 195.7300000 195.4600000 195.5200000 360750
061017 1500 195.5200000 195.5900000 195.2500000 195.4700000 1360790
061017 1515 195.4700000 195.5000000 195.2500000 195.3800000 742940
061017 1530 195.3200000 195.7500000 195.2500000 195.6800000 986220
061017 1545 195.6600000 195.6600000 195.2000000 195.3900000 873270
061017 1600 195.3500000 195.9200000 195.0000000 195.8500000 3487000
061017 1615 195.8600000 195.9300000 195.5500000 195.6300000 725670
061017 1630 195.6300000 195.6400000 195.4000000 195.4200000 845290
061017 1645 195.4200000 195.4700000 194.8500000 194.9400000 2007780
061017 1700 194.9300000 195.0000000 193.9100000 194.3700000 4889300
061017 1715 194.3700000 194.5000000 194.1500000 194.3900000 651780
061017 1730 194.3900000 194.3900000 193.9500000 194.1800000 1104340
061017 1745 194.1900000 194.1900000 194.0200000 194.1000000 891980
061017 1800 194.0700000 194.2900000 193.8000000 194.1100000 1198960
061017 1815 194.0900000 194.1500000 193.6700000 193.7800000 1645060
061017 1830 193.7700000 194.2900000 193.7400000 194.2200000 1043360
061017 1845 194.1600000 194.1600000 194.1600000 194.1600000 350300
