041017 1000 192.4900000 192.4900000 191.8100000 192.0400000 278130
041017 1001 192.0400000 192.1400000 192.0100000 192.0900000 93130
041017 1002 192.0900000 192.5100000 192.0900000 192.3900000 197460
041017 1003 192.4900000 192.4900000 192.4000000 192.4100000 22910
041017 1004 192.4100000 192.4300000 192.2600000 192.2600000 110160
041017 1005 192.2600000 192.3400000 192.2400000 192.2400000 60360
041017 1006 192.2400000 192.2400000 192.1300000 192.1500000 68940
041017 1007 192.2000000 192.4100000 192.1400000 192.3700000 65480
041017 1008 192.4100000 192.5900000 192.2200000 192.2700000 144120
041017 1009 192.2600000 192.4000000 192.2500000 192.2800000 33390
041017 1010 192.2800000 192.2800000 192.2500000 192.2800000 3300
041017 1011 192.2700000 192.2800000 192.2000000 192.2100000 20950
041017 1012 192.2100000 192.2100000 192.0200000 192.1400000 88130
041017 1013 192.1300000 192.2600000 192.0700000 192.2600000 34700
041017 1014 192.2600000 192.2600000 192.1900000 192.2000000 15770
041017 1015 192.2500000 192.2500000 192.0800000 192.1500000 54440
041017 1016 192.1500000 192.1900000 192.0900000 192.1800000 17560
041017 1017 192.1900000 192.2100000 192.1700000 192.2000000 18590
041017 1018 192.2000000 192.2500000 192.1700000 192.1900000 6370
041017 1019 192.1800000 192.2500000 192.1000000 192.1000000 55080
041017 1020 192.1200000 192.1800000 192.0900000 192.1800000 31480
041017 1021 192.1800000 192.2400000 192.0900000 192.1900000 70940
041017 1022 192.1900000 192.2300000 192.1300000 192.1500000 23070
041017 1023 192.1600000 192.2100000 192.1000000 192.1400000 65460
041017 1024 192.1000000 192.1400000 192.1000000 192.1100000 13740
041017 1025 192.1000000 192.1400000 192.1000000 192.1400000 10680
041017 1026 192.1400000 192.1500000 192.1300000 192.1300000 5180
041017 1027 192.1800000 192.2600000 192.1300000 192.1500000 28640
041017 1028 192.1300000 192.1500000 192.1100000 192.1500000 18910
041017 1029 192.1600000 192.2300000 192.1500000 192.1500000 21380
041017 1030 192.1400000 192.1500000 191.9000000 191.9100000 361590
041017 1031 191.9000000 192.0100000 191.8900000 191.9200000 119830
041017 1032 191.9300000 192.0300000 191.9200000 192.0100000 35640
041017 1033 192.0000000 192.0000000 191.9400000 191.9600000 3630
041017 1034 191.9600000 192.1200000 191.9600000 192.1000000 9800
041017 1035 192.1000000 192.1300000 191.9900000 191.9900000 29150
041017 1036 192.0000000 192.0000000 191.9500000 192.0000000 20740
041017 1037 192.0000000 192.0000000 191.9300000 192.0000000 88600
041017 1038 191.9300000 192.0700000 191.9200000 192.0000000 49420
041017 1039 192.0000000 192.0200000 191.9100000 192.0200000 130260
041017 1040 192.0200000 192.0500000 191.9900000 192.0000000 32730
041017 1041 192.0000000 192.1800000 192.0000000 192.1800000 18380
041017 1042 192.1300000 192.1400000 192.0100000 192.0600000 67200
041017 1043 192.0500000 192.1000000 191.9200000 191.9200000 127280
041017 1044 191.9500000 192.0000000 191.9400000 191.9600000 6920
041017 1045 191.9500000 192.0000000 191.9500000 192.0000000 6470
041017 1046 192.0000000 192.0700000 191.9800000 192.0000000 11870
041017 1047 192.0000000 192.0400000 191.9900000 192.0200000 11520
041017 1048 192.0300000 192.0900000 192.0300000 192.0900000 2270
041017 1049 192.0900000 192.2100000 192.0900000 192.2100000 85810
041017 1050 192.2000000 192.2300000 192.0700000 192.0700000 31990
041017 1051 192.1000000 192.1000000 192.0400000 192.0500000 3880
041017 1052 192.0800000 192.1100000 192.0800000 192.0800000 1710
041017 1053 192.1100000 192.2100000 192.1000000 192.2100000 4670
041017 1054 192.2200000 192.2300000 192.1300000 192.1500000 22490
041017 1055 192.1800000 192.2100000 192.1500000 192.1500000 8750
041017 1056 192.1800000 192.2000000 192.0800000 192.1300000 58350
041017 1057 192.1500000 192.1700000 192.1000000 192.1100000 14870
041017 1058 192.0800000 192.0800000 192.0500000 192.0800000 8150
041017 1059 192.0800000 192.0900000 192.0800000 192.0900000 1890
041017 1100 192.0700000 192.0900000 191.8600000 191.9800000 311260
041017 1101 191.9800000 192.0800000 191.6000000 191.6000000 595440
041017 1102 191.6000000 191.7000000 191.4600000 191.4700000 741610
041017 1103 191.4800000 191.7500000 191.4600000 191.7500000 49760
041017 1104 191.7000000 191.7300000 191.6600000 191.7200000 13270
041017 1105 191.7100000 191.7100000 191.3800000 191.4500000 312760
041017 1106 191.4500000 191.6100000 191.3500000 191.5700000 55670
041017 1107 191.5700000 191.7000000 191.5500000 191.6500000 21360
041017 1108 191.6500000 191.6500000 191.4300000 191.4400000 64260
041017 1109 191.4400000 191.5500000 191.3500000 191.4100000 151060
041017 1110 191.3800000 191.4200000 191.3400000 191.3800000 42420
041017 1111 191.4000000 191.5300000 191.3700000 191.5000000 68810
041017 1112 191.4500000 191.6600000 191.4500000 191.5200000 48520
041017 1113 191.5600000 191.6000000 191.5500000 191.5800000 11840
041017 1114 191.5700000 191.5800000 191.4000000 191.4000000 93000
041017 1115 191.4000000 191.4400000 191.2200000 191.4000000 378180
041017 1116 191.4000000 191.5500000 191.3100000 191.3500000 60910
041017 1117 191.3500000 191.5700000 191.3500000 191.4900000 34040
041017 1118 191.4900000 191.5900000 191.4400000 191.4700000 20900
041017 1119 191.4800000 191.6500000 191.4700000 191.5900000 51820
041017 1120 191.5100000 191.6700000 191.5000000 191.5500000 125290
041017 1121 191.5700000 191.6600000 191.5200000 191.6100000 31470
041017 1122 191.6100000 191.7100000 191.5600000 191.7100000 53770
041017 1123 191.7100000 191.7200000 191.6300000 191.6300000 17250
041017 1124 191.6400000 191.8700000 191.6100000 191.8000000 114760
041017 1125 191.8400000 191.8800000 191.7100000 191.7100000 51800
041017 1126 191.7000000 191.7300000 191.7000000 191.7000000 2860
041017 1127 191.7200000 191.7200000 191.6500000 191.6500000 68040
041017 1128 191.6500000 191.7000000 191.6500000 191.7000000 9970
041017 1129 191.6500000 191.7000000 191.6200000 191.6300000 11600
041017 1130 191.6300000 191.7500000 191.6200000 191.6500000 70610
041017 1131 191.6700000 191.8500000 191.6700000 191.8500000 51080
041017 1132 191.8000000 191.8500000 191.7800000 191.7800000 5360
041017 1133 191.7800000 191.8000000 191.7100000 191.7100000 20090
041017 1134 191.7300000 191.8600000 191.7000000 191.7700000 6220
041017 1135 191.7500000 191.8500000 191.7300000 191.7800000 11370
041017 1136 191.7800000 192.0300000 191.7800000 191.9700000 112840
041017 1137 192.0100000 192.0100000 191.9300000 192.0000000 11950
041017 1138 191.9900000 192.0800000 191.9800000 192.0800000 145860
041017 1139 192.0800000 192.1600000 192.0000000 192.0600000 42510
041017 1140 192.0600000 192.1500000 192.0400000 192.1500000 38470
041017 1141 192.1500000 192.1700000 192.0400000 192.0400000 41570
041017 1142 192.1100000 192.1100000 192.0400000 192.1000000 2130
041017 1143 192.1000000 192.1100000 192.0400000 192.0900000 7070
041017 1144 192.0500000 192.1000000 192.0200000 192.0200000 16060
041017 1145 192.0300000 192.0600000 192.0200000 192.0200000 1180
041017 1146 192.0300000 192.0300000 191.8300000 191.8300000 74750
041017 1147 191.8500000 191.9900000 191.8500000 191.9400000 9810
041017 1148 191.9500000 191.9500000 191.8600000 191.8600000 7590
041017 1149 191.8600000 191.9400000 191.8500000 191.8800000 31640
041017 1150 191.8700000 191.9400000 191.8500000 191.9000000 8160
041017 1151 191.9200000 191.9300000 191.8900000 191.9300000 6650
041017 1152 191.8900000 191.9400000 191.8300000 191.8800000 24520
041017 1153 191.8300000 191.8500000 191.7200000 191.7300000 34330
041017 1154 191.7300000 191.7400000 191.6200000 191.7100000 72540
041017 1155 191.7900000 191.8600000 191.6900000 191.7500000 10290
041017 1156 191.7000000 191.7500000 191.6100000 191.6100000 27570
041017 1157 191.6700000 191.7900000 191.5000000 191.7900000 283720
041017 1158 191.8100000 191.8500000 191.6800000 191.7500000 47150
041017 1159 191.7500000 191.9100000 191.6900000 191.8300000 51640
041017 1200 191.7900000 191.7900000 191.7300000 191.7500000 760
041017 1201 191.7900000 191.8700000 191.7100000 191.7900000 108910
041017 1202 191.8200000 191.8700000 191.8200000 191.8700000 2070
041017 1203 191.8700000 191.8900000 191.8700000 191.8900000 1080
041017 1204 191.8600000 191.8900000 191.8600000 191.8900000 150
041017 1205 191.8700000 192.0800000 191.8700000 192.0800000 25310
041017 1206 192.0400000 192.0800000 191.9800000 192.0200000 42460
041017 1207 191.9900000 192.0200000 191.9400000 192.0200000 5470
041017 1208 192.0600000 192.0900000 191.9700000 191.9700000 64360
041017 1209 192.0000000 192.0000000 191.9300000 191.9400000 3460
041017 1210 191.9900000 192.0400000 191.9300000 192.0400000 1640
041017 1211 192.0100000 192.0700000 192.0000000 192.0000000 11100
041017 1212 191.9900000 191.9900000 191.8800000 191.9900000 49730
041017 1213 191.9500000 191.9900000 191.8500000 191.8500000 64910
041017 1214 191.8500000 191.8500000 191.6100000 191.7000000 73950
041017 1215 191.6900000 191.7500000 191.6200000 191.6900000 14040
041017 1216 191.7000000 191.7000000 191.6800000 191.6900000 27030
041017 1217 191.6900000 191.6900000 191.6300000 191.6300000 77540
041017 1218 191.6400000 191.8000000 191.6400000 191.7400000 66650
041017 1219 191.8100000 191.8100000 191.6900000 191.6900000 20470
041017 1220 191.6500000 191.6800000 191.6300000 191.6300000 57290
041017 1221 191.6800000 191.6800000 191.6200000 191.6200000 5320
041017 1222 191.6200000 191.6200000 191.4300000 191.4700000 213730
041017 1223 191.4700000 191.4700000 191.4000000 191.4300000 101390
041017 1224 191.4100000 191.6000000 191.4100000 191.6000000 31640
041017 1225 191.6100000 191.6800000 191.6100000 191.6800000 7930
041017 1226 191.6700000 191.7700000 191.6600000 191.6600000 14290
041017 1227 191.6600000 191.6900000 191.6200000 191.6200000 11720
041017 1228 191.5900000 191.6000000 191.5900000 191.5900000 150
041017 1229 191.6000000 191.7000000 191.6000000 191.6900000 1710
041017 1230 191.6900000 191.7500000 191.6500000 191.7400000 56310
041017 1231 191.7300000 191.8100000 191.7300000 191.8100000 17180
041017 1232 191.8100000 191.9100000 191.7800000 191.8500000 15660
041017 1233 191.8200000 191.8500000 191.8100000 191.8400000 2520
041017 1234 191.8500000 191.8600000 191.8200000 191.8200000 6750
041017 1235 191.8300000 191.8300000 191.7600000 191.8200000 7340
041017 1236 191.7700000 191.8300000 191.7100000 191.7400000 8850
041017 1237 191.7300000 191.7300000 191.6800000 191.6800000 3160
041017 1238 191.6800000 191.6800000 191.5800000 191.6000000 17430
041017 1239 191.5900000 191.7000000 191.5800000 191.7000000 23170
041017 1240 191.7000000 191.7500000 191.6400000 191.6400000 9220
041017 1241 191.6900000 191.6900000 191.6000000 191.6600000 10550
041017 1242 191.6800000 191.7500000 191.6700000 191.7500000 5580
041017 1243 191.7100000 191.7700000 191.7100000 191.7400000 8400
041017 1244 191.7400000 191.7800000 191.6900000 191.6900000 7480
041017 1245 191.7300000 191.7400000 191.6300000 191.7200000 16510
041017 1246 191.7300000 191.8500000 191.7300000 191.8500000 7230
041017 1247 191.8500000 191.8500000 191.7700000 191.8500000 1140
041017 1248 191.8500000 191.8600000 191.8400000 191.8400000 710
041017 1249 191.8400000 191.8800000 191.8100000 191.8300000 5370
041017 1250 191.8300000 191.9600000 191.7500000 191.9300000 52270
041017 1251 191.9300000 192.0300000 191.9100000 191.9400000 60110
041017 1252 191.9400000 192.0000000 191.9000000 191.9500000 10520
041017 1253 191.9200000 191.9500000 191.8700000 191.8700000 3150
041017 1254 191.9000000 191.9000000 191.9000000 191.9000000 300
041017 1255 191.8900000 191.9300000 191.8800000 191.8800000 580
041017 1256 191.9100000 191.9100000 191.8800000 191.9000000 3610
041017 1257 191.8900000 191.8900000 191.8800000 191.8800000 2460
041017 1258 191.8900000 191.8900000 191.8500000 191.8800000 10740
041017 1259 191.8800000 191.8900000 191.8800000 191.8800000 8160
041017 1300 191.8800000 191.8900000 191.6800000 191.6800000 165560
041017 1301 191.7500000 191.8400000 191.7500000 191.8400000 5680
041017 1302 191.8400000 191.8400000 191.7800000 191.7800000 1590
041017 1303 191.7900000 191.7900000 191.7500000 191.7800000 2200
041017 1304 191.7500000 191.7500000 191.7100000 191.7200000 3930
041017 1305 191.7600000 191.8100000 191.7500000 191.8100000 1460
041017 1306 191.8100000 191.9900000 191.8000000 191.9900000 53430
041017 1307 191.9700000 192.0000000 191.8300000 191.9700000 111820
041017 1308 191.9500000 191.9500000 191.8800000 191.8800000 5400
041017 1309 191.8900000 191.9300000 191.8900000 191.9300000 160
041017 1310 191.8500000 192.0000000 191.8400000 192.0000000 13500
041017 1311 192.0300000 192.0600000 191.8900000 191.9100000 95570
041017 1312 191.9200000 191.9200000 191.8300000 191.8300000 5770
041017 1313 191.9000000 191.9000000 191.8200000 191.8500000 1750
041017 1314 191.8900000 191.9200000 191.8500000 191.8500000 9820
041017 1315 191.8800000 191.9500000 191.7400000 191.8000000 105290
041017 1316 191.7900000 191.8100000 191.7600000 191.8000000 13140
041017 1317 191.8000000 191.8200000 191.7900000 191.8200000 8090
041017 1318 191.7500000 191.7700000 191.6500000 191.6500000 84050
041017 1319 191.6600000 191.7000000 191.6200000 191.6400000 55720
041017 1320 191.6400000 191.7700000 191.6400000 191.7400000 65300
041017 1321 191.7000000 191.7600000 191.7000000 191.7600000 39700
041017 1322 191.7100000 191.7700000 191.7000000 191.7100000 31900
041017 1323 191.7100000 191.7100000 191.7100000 191.7100000 100
041017 1324 191.7700000 191.7700000 191.7600000 191.7600000 150
041017 1325 191.7600000 191.7800000 191.7100000 191.7300000 9700
041017 1326 191.7800000 191.8300000 191.7500000 191.8300000 5190
041017 1327 191.7900000 191.8300000 191.7900000 191.7900000 1100
041017 1328 191.7900000 191.8900000 191.7100000 191.7300000 173800
041017 1329 191.8000000 191.8100000 191.8000000 191.8100000 40310
041017 1330 191.8000000 191.8000000 191.6200000 191.7300000 133560
041017 1331 191.7000000 191.7000000 191.7000000 191.7000000 4990
041017 1332 191.7300000 191.7300000 191.7300000 191.7300000 2220
041017 1333 191.7500000 191.8000000 191.7500000 191.7500000 15860
041017 1334 191.7500000 191.7800000 191.7000000 191.7500000 18830
041017 1335 191.7300000 191.7800000 191.6700000 191.6700000 56250
041017 1336 191.7400000 191.7500000 191.6400000 191.7000000 41960
041017 1337 191.7100000 191.7400000 191.6300000 191.6600000 17610
041017 1338 191.6600000 191.8400000 191.6600000 191.6700000 109200
041017 1339 191.7100000 191.7200000 191.6100000 191.6300000 62550
041017 1340 191.6700000 191.7000000 191.6700000 191.6800000 70
041017 1341 191.6900000 191.7000000 191.6300000 191.6800000 5080
041017 1342 191.7100000 191.7800000 191.7100000 191.7500000 18670
041017 1343 191.7500000 191.7800000 191.7200000 191.7300000 13520
041017 1344 191.7400000 191.7900000 191.7400000 191.7500000 170
041017 1345 191.7500000 191.7500000 191.7300000 191.7500000 6680
041017 1346 191.7500000 191.8000000 191.7100000 191.7500000 26910
041017 1347 191.7500000 191.7700000 191.7300000 191.7500000 9510
041017 1348 191.7400000 191.8000000 191.7300000 191.7500000 11370
041017 1349 191.7500000 191.8400000 191.7300000 191.8400000 27710
041017 1350 191.7700000 191.7700000 191.7200000 191.7300000 48660
041017 1351 191.7500000 191.7500000 191.7000000 191.7000000 13300
041017 1352 191.7500000 191.7800000 191.6600000 191.7100000 88590
041017 1353 191.7500000 191.8200000 191.7200000 191.7500000 26570
041017 1354 191.7500000 191.7600000 191.7200000 191.7500000 4020
041017 1355 191.8000000 191.8400000 191.7700000 191.7800000 23340
041017 1356 191.8100000 191.8200000 191.7200000 191.8200000 13260
041017 1357 191.7800000 191.9100000 191.7500000 191.9100000 85620
041017 1358 191.9100000 192.0500000 191.8800000 191.9200000 64380
041017 1359 191.9200000 191.9200000 191.8500000 191.8800000 8390
041017 1400 191.8800000 191.8900000 191.7000000 191.7200000 72420
041017 1401 191.7300000 191.7300000 191.7100000 191.7100000 10660
041017 1402 191.7200000 191.7300000 191.7000000 191.7300000 37120
041017 1403 191.7300000 191.8500000 191.7300000 191.7800000 24520
041017 1404 191.7700000 191.8300000 191.7500000 191.8200000 106500
041017 1405 191.8100000 191.8200000 191.7000000 191.7400000 51360
041017 1406 191.7700000 191.7700000 191.7000000 191.7500000 38980
041017 1407 191.7500000 191.7500000 191.6000000 191.6300000 184410
041017 1408 191.6400000 191.7200000 191.5100000 191.5500000 271890
041017 1409 191.5600000 191.6100000 191.5400000 191.6000000 16400
041017 1410 191.6000000 191.6000000 191.5500000 191.6000000 10700
041017 1411 191.6000000 191.6200000 191.6000000 191.6000000 15130
041017 1412 191.6200000 191.7000000 191.5200000 191.5200000 150490
041017 1413 191.5200000 191.5600000 191.3100000 191.3700000 369520
041017 1414 191.3700000 191.3700000 191.3100000 191.3500000 52080
041017 1415 191.3200000 191.4600000 191.3100000 191.4600000 34010
041017 1416 191.4800000 191.5000000 191.3700000 191.4300000 32260
041017 1417 191.4300000 191.6400000 191.4000000 191.5600000 34340
041017 1418 191.5600000 191.5900000 191.4800000 191.5200000 9860
041017 1419 191.5400000 191.5800000 191.5400000 191.5800000 520
041017 1420 191.6000000 191.6000000 191.5700000 191.6000000 2530
041017 1421 191.5900000 191.6000000 191.5700000 191.5700000 3910
041017 1422 191.5700000 191.5800000 191.5500000 191.5500000 4710
041017 1423 191.5600000 191.7000000 191.5500000 191.6400000 24540
041017 1424 191.6400000 191.6500000 191.6400000 191.6400000 3510
041017 1425 191.6400000 191.7000000 191.6300000 191.6400000 12480
041017 1426 191.6900000 191.7500000 191.6900000 191.7300000 43600
041017 1427 191.7200000 191.7500000 191.6800000 191.7500000 45160
041017 1428 191.7500000 191.7500000 191.5900000 191.5900000 31580
041017 1429 191.6000000 191.6800000 191.6000000 191.6300000 8240
041017 1430 191.6600000 191.7100000 191.6000000 191.6700000 78400
041017 1431 191.7000000 191.7400000 191.6400000 191.6900000 25680
041017 1432 191.7400000 191.7400000 191.5000000 191.5000000 92760
041017 1433 191.5000000 191.5800000 191.5000000 191.5800000 6140
041017 1434 191.6300000 191.6500000 191.5800000 191.6100000 2260
041017 1435 191.6800000 191.6800000 191.6500000 191.6500000 50
041017 1436 191.6700000 191.7400000 191.6500000 191.7400000 8130
041017 1437 191.7300000 191.7400000 191.5900000 191.6000000 13540
041017 1438 191.6200000 191.6900000 191.6200000 191.6500000 1860
041017 1439 191.6200000 191.6200000 191.6000000 191.6000000 4270
041017 1440 191.6000000 191.6500000 191.6000000 191.6000000 4610
041017 1441 191.6200000 191.6400000 191.6000000 191.6100000 1400
041017 1442 191.6200000 191.6700000 191.5900000 191.5900000 14680
041017 1443 191.5900000 191.6600000 191.5900000 191.6100000 7750
041017 1444 191.6600000 191.6700000 191.6100000 191.6100000 12480
041017 1445 191.6700000 191.7500000 191.6400000 191.7500000 98380
041017 1446 191.6800000 191.7500000 191.6700000 191.7000000 43700
041017 1447 191.6700000 191.7600000 191.6700000 191.6700000 35360
041017 1448 191.7300000 191.7500000 191.6700000 191.6800000 13570
041017 1449 191.7400000 191.7500000 191.6800000 191.6800000 4920
041017 1450 191.7400000 191.7500000 191.6800000 191.6900000 25420
041017 1451 191.7300000 191.7500000 191.6900000 191.7000000 7100
041017 1452 191.7400000 191.7500000 191.7000000 191.7500000 10150
041017 1453 191.7100000 191.7500000 191.7000000 191.7500000 25460
041017 1454 191.7100000 191.7400000 191.6800000 191.6800000 8960
041017 1455 191.7400000 191.7500000 191.6900000 191.6900000 7620
041017 1456 191.7400000 191.7800000 191.7000000 191.7400000 52720
041017 1457 191.6900000 191.6900000 191.5500000 191.5500000 74260
041017 1458 191.5500000 191.6100000 191.5500000 191.6100000 14670
041017 1459 191.6100000 191.6100000 191.3400000 191.3500000 286040
041017 1500 191.3600000 191.5100000 191.3600000 191.5100000 7780
041017 1501 191.4300000 191.5700000 191.4300000 191.4700000 13100
041017 1502 191.4500000 191.7000000 191.4500000 191.7000000 34230
041017 1503 191.6900000 191.7700000 191.6700000 191.6900000 25700
041017 1504 191.6500000 191.7000000 191.6400000 191.6400000 6260
041017 1505 191.7200000 191.7800000 191.6600000 191.7800000 19980
041017 1506 191.7800000 192.0000000 191.7800000 191.8300000 112990
041017 1507 191.8300000 191.9700000 191.8200000 191.9600000 21470
041017 1508 191.9200000 192.0000000 191.8500000 191.8900000 58660
041017 1509 191.8900000 192.0000000 191.8600000 191.9900000 50460
041017 1510 191.9900000 192.1800000 191.5700000 191.8500000 548180
041017 1511 191.8500000 192.0000000 191.8400000 191.9500000 13300
041017 1512 191.9500000 192.1000000 191.9200000 192.0700000 52770
041017 1513 192.0700000 192.0900000 191.9800000 192.0300000 26090
041017 1514 192.0200000 192.0900000 191.9600000 191.9700000 34660
041017 1515 192.0100000 192.1500000 192.0100000 192.1500000 27870
041017 1516 192.1500000 192.1700000 192.0900000 192.1100000 49910
041017 1517 192.1100000 192.1300000 191.9500000 191.9700000 69820
041017 1518 191.9700000 192.0500000 191.9500000 192.0000000 7420
041017 1519 192.0100000 192.1700000 192.0100000 192.0200000 22650
041017 1520 192.0600000 192.1400000 192.0300000 192.1400000 11690
041017 1521 192.1400000 192.1500000 192.1000000 192.1000000 4550
041017 1522 192.0800000 192.1200000 192.0500000 192.0500000 5320
041017 1523 192.0400000 192.1000000 191.9700000 191.9700000 21410
041017 1524 192.0100000 192.0300000 191.8500000 192.0200000 65020
041017 1525 192.0000000 192.0000000 191.7800000 191.8300000 39570
041017 1526 191.9000000 191.9800000 191.8900000 191.9300000 21100
041017 1527 191.9000000 191.9400000 191.8400000 191.9400000 13810
041017 1528 191.9300000 191.9300000 191.8700000 191.9000000 5270
041017 1529 191.9000000 191.9500000 191.8200000 191.9500000 11510
041017 1530 191.9600000 192.0600000 191.9600000 192.0600000 13890
041017 1531 192.0400000 192.0500000 191.9000000 191.9800000 128710
041017 1532 191.9700000 192.1300000 191.9100000 192.0200000 57960
041017 1533 192.0200000 192.1000000 191.9300000 191.9300000 44010
041017 1534 192.0000000 192.0000000 191.8700000 191.9600000 37040
041017 1535 191.9500000 192.0000000 191.9500000 191.9600000 35050
041017 1536 191.9900000 192.0500000 191.9300000 191.9300000 25350
041017 1537 191.9200000 191.9900000 191.9000000 191.9300000 9930
041017 1538 191.9300000 192.0500000 191.9200000 192.0400000 6740
041017 1539 191.9900000 192.0400000 191.8300000 191.9500000 38920
041017 1540 191.9300000 191.9500000 191.9100000 191.9500000 6020
041017 1541 191.9500000 192.0100000 191.9400000 192.0100000 8400
041017 1542 192.0100000 192.0100000 191.9000000 192.0100000 23890
041017 1543 192.0100000 192.0900000 191.9100000 191.9100000 25050
041017 1544 191.9800000 192.0900000 191.9500000 191.9700000 30460
041017 1545 192.0100000 192.0100000 191.8800000 191.9400000 11200
041017 1546 191.9000000 192.0000000 191.8800000 191.9500000 10240
041017 1547 192.0000000 192.1000000 191.9600000 192.1000000 27360
041017 1548 192.0700000 192.1000000 191.8700000 191.9200000 91990
041017 1549 191.9900000 192.0400000 191.9500000 192.0400000 10260
041017 1550 191.9800000 192.0000000 191.9500000 192.0000000 18350
041017 1551 191.9900000 192.1000000 191.9900000 192.0000000 131510
041017 1552 192.0500000 192.0900000 191.9800000 192.0300000 12230
041017 1553 192.0100000 192.0900000 192.0100000 192.0400000 22930
041017 1554 192.0400000 192.0800000 192.0400000 192.0400000 4090
041017 1555 192.0500000 192.0700000 192.0400000 192.0500000 4710
041017 1556 192.0500000 192.0800000 192.0500000 192.0800000 4590
041017 1557 192.0500000 192.0900000 192.0400000 192.0900000 12690
041017 1558 192.0900000 192.1100000 192.0400000 192.1100000 38670
041017 1559 192.1100000 192.1200000 192.0700000 192.1100000 16300
041017 1600 192.1200000 192.3500000 192.0000000 192.0000000 949830
041017 1601 192.0800000 192.1200000 192.0500000 192.1200000 11140
041017 1602 192.1200000 192.1400000 192.0900000 192.1100000 6320
041017 1603 192.1100000 192.1200000 191.9600000 191.9600000 111260
041017 1604 191.9700000 192.0100000 191.9600000 192.0100000 18700
041017 1605 192.0100000 192.0400000 192.0000000 192.0400000 4650
041017 1606 192.0300000 192.0400000 192.0000000 192.0400000 6620
041017 1607 192.0400000 192.0400000 192.0400000 192.0400000 320
041017 1608 192.0500000 192.0700000 192.0500000 192.0600000 7980
041017 1609 192.0600000 192.1700000 192.0600000 192.1400000 19620
041017 1610 192.1300000 192.1800000 191.9000000 191.9000000 75560
041017 1611 191.9000000 191.9500000 191.8800000 191.9500000 15390
041017 1612 191.9500000 192.0800000 191.8900000 191.9600000 29610
041017 1613 191.9800000 192.0100000 191.9800000 192.0000000 4230
041017 1614 192.0100000 192.0800000 192.0000000 192.0800000 15670
041017 1615 192.0800000 192.0800000 192.0700000 192.0700000 400
041017 1616 192.0800000 192.1100000 191.9400000 191.9400000 44510
041017 1617 191.9300000 192.0100000 191.9100000 192.0000000 25460
041017 1618 192.0000000 192.0600000 192.0000000 192.0400000 15250
041017 1619 192.0400000 192.0800000 192.0000000 192.0800000 5130
041017 1620 192.0800000 192.1300000 192.0400000 192.0400000 14520
041017 1621 192.0600000 192.1100000 192.0300000 192.0600000 8260
041017 1622 192.0700000 192.1100000 192.0200000 192.1100000 17870
041017 1623 192.0600000 192.1400000 192.0100000 192.0200000 24870
041017 1624 192.0300000 192.3500000 192.0000000 192.2800000 541000
041017 1625 192.2800000 192.3600000 192.2700000 192.2900000 74340
041017 1626 192.3000000 192.5300000 192.2900000 192.4700000 712760
041017 1627 192.4300000 192.4700000 192.3400000 192.3400000 50440
041017 1628 192.3400000 192.3600000 192.3400000 192.3500000 3870
041017 1629 192.3400000 192.4100000 192.2500000 192.2500000 132520
041017 1630 192.2500000 192.4300000 192.2400000 192.3700000 137450
041017 1631 192.3700000 192.4600000 192.3300000 192.3700000 135260
041017 1632 192.3700000 192.4000000 192.2700000 192.2700000 74940
041017 1633 192.2600000 192.3900000 192.2300000 192.3300000 87130
041017 1634 192.2600000 192.4600000 192.2100000 192.4500000 44980
041017 1635 192.3700000 192.4500000 192.3300000 192.4200000 22580
041017 1636 192.3700000 192.3700000 192.3100000 192.3300000 12830
041017 1637 192.3000000 192.3000000 192.1300000 192.2300000 74510
041017 1638 192.2200000 192.2500000 192.1600000 192.2500000 10340
041017 1639 192.2600000 192.3500000 192.1300000 192.2000000 67000
041017 1640 192.2000000 192.3300000 192.1300000 192.3000000 28970
041017 1641 192.3000000 192.3000000 192.2500000 192.2900000 4560
041017 1642 192.2200000 192.2200000 192.0500000 192.1300000 44770
041017 1643 192.1300000 192.1500000 192.0500000 192.0900000 61880
041017 1644 192.0900000 192.1300000 191.8500000 191.8600000 127890
041017 1645 191.9100000 192.1100000 191.8100000 191.9900000 160280
041017 1646 192.0000000 192.0000000 192.0000000 192.0000000 500
041017 1647 192.0600000 192.1200000 191.9900000 192.0700000 35600
041017 1648 192.0700000 192.0700000 191.8700000 191.9500000 40170
041017 1649 191.8800000 191.8800000 191.7500000 191.8200000 86080
041017 1650 191.8700000 191.9300000 191.8700000 191.9300000 4270
041017 1651 191.8600000 191.9100000 191.7500000 191.7600000 58130
041017 1652 191.8500000 191.9800000 191.8100000 191.9800000 29890
041017 1653 191.9800000 192.0300000 191.9600000 191.9600000 20270
041017 1654 192.0000000 192.0500000 191.9300000 192.0000000 42690
041017 1655 192.0000000 192.0600000 191.9100000 192.0000000 80130
041017 1656 192.0200000 192.0500000 191.9600000 192.0500000 8180
041017 1657 192.0400000 192.0700000 192.0000000 192.0100000 25380
041017 1658 192.0200000 192.0800000 192.0200000 192.0300000 17830
041017 1659 192.0800000 192.1200000 192.0500000 192.0800000 33010
041017 1700 192.0800000 192.2200000 192.0100000 192.1000000 131300
041017 1701 192.0400000 192.0900000 191.9800000 191.9800000 29770
041017 1702 191.9800000 192.0200000 191.9100000 191.9400000 25510
041017 1703 191.9400000 191.9500000 191.8900000 191.8900000 24270
041017 1704 191.9500000 191.9900000 191.8800000 191.9700000 33030
041017 1705 192.0000000 192.0000000 191.9000000 191.9500000 12250
041017 1706 191.9400000 191.9700000 191.8500000 191.9500000 30650
041017 1707 191.9000000 191.9700000 191.8800000 191.9000000 10670
041017 1708 191.9200000 192.0000000 191.9100000 191.9900000 13410
041017 1709 191.9900000 191.9900000 191.9900000 191.9900000 6050
041017 1710 191.9900000 191.9900000 191.9600000 191.9900000 4890
041017 1711 191.9900000 191.9900000 191.9400000 191.9400000 19630
041017 1712 191.9600000 192.0600000 191.9600000 192.0400000 34550
041017 1713 192.0700000 192.0800000 192.0500000 192.0600000 5120
041017 1714 192.0200000 192.0900000 192.0100000 192.0600000 8620
041017 1715 192.1000000 192.1000000 192.0200000 192.0900000 8020
041017 1716 192.0300000 192.0300000 191.8800000 191.9200000 84530
041017 1717 191.9800000 192.0800000 191.8700000 191.8900000 71050
041017 1718 191.9500000 192.1000000 191.8500000 192.1000000 25090
041017 1719 192.0800000 192.1100000 192.0000000 192.0600000 20700
041017 1720 192.0600000 192.0600000 192.0300000 192.0400000 4640
041017 1721 192.0300000 192.0500000 191.8800000 192.0400000 67620
041017 1722 191.9700000 191.9900000 191.9300000 191.9600000 9240
041017 1723 191.9300000 191.9600000 191.8300000 191.9500000 101540
041017 1724 191.9500000 191.9600000 191.8900000 191.9100000 20880
041017 1725 191.9100000 191.9600000 191.8200000 191.8900000 95930
041017 1726 191.8800000 191.9000000 191.8400000 191.9000000 44380
041017 1727 191.9100000 192.0000000 191.8000000 191.8500000 204060
041017 1728 191.8100000 191.8700000 191.7700000 191.8000000 51650
041017 1729 191.8000000 191.8800000 191.7600000 191.8200000 75050
041017 1730 191.7700000 191.9100000 191.7600000 191.9000000 18580
041017 1731 191.9000000 192.0800000 191.9000000 192.0100000 52820
041017 1732 192.0500000 192.1500000 191.8600000 191.9500000 141220
041017 1733 192.0000000 192.0500000 191.9600000 192.0100000 53800
041017 1734 192.0600000 192.0900000 191.9500000 192.0000000 42580
041017 1735 191.9700000 192.0000000 191.9500000 191.9500000 17080
041017 1736 191.9500000 191.9500000 191.9500000 191.9500000 1820
041017 1737 191.9900000 192.0000000 191.9500000 191.9500000 9850
041017 1738 192.0000000 192.0000000 191.9000000 191.9300000 24460
041017 1739 191.9500000 191.9600000 191.9000000 191.9000000 12210
041017 1740 191.9300000 191.9700000 191.9000000 191.9200000 6950
041017 1741 191.9700000 192.0000000 191.9300000 191.9300000 23660
041017 1742 191.9800000 191.9800000 191.9100000 191.9200000 6900
041017 1743 191.9700000 192.0000000 191.9100000 191.9100000 15720
041017 1744 191.9500000 191.9800000 191.9500000 191.9800000 80
041017 1745 191.9700000 191.9800000 191.9600000 191.9700000 2240
041017 1746 191.9600000 191.9600000 191.9400000 191.9400000 9090
041017 1747 191.9600000 191.9800000 191.9600000 191.9700000 1610
041017 1748 191.9800000 191.9800000 191.9800000 191.9800000 2170
041017 1749 191.9800000 191.9900000 191.9700000 191.9900000 990
041017 1750 191.9700000 191.9900000 191.8500000 191.8600000 28010
041017 1751 191.8600000 191.8600000 191.8100000 191.8100000 36060
041017 1752 191.8500000 191.8800000 191.8500000 191.8800000 2390
041017 1753 191.8600000 191.8800000 191.8600000 191.8600000 2810
041017 1754 191.8800000 191.9200000 191.8800000 191.9200000 8330
041017 1755 191.9200000 191.9600000 191.8800000 191.9300000 9720
041017 1756 191.9300000 191.9300000 191.8400000 191.8400000 8740
041017 1757 191.8200000 191.8500000 191.7800000 191.8000000 29410
041017 1758 191.8000000 191.8400000 191.7900000 191.8400000 9780
041017 1759 191.8200000 191.9000000 191.7700000 191.7700000 22180
041017 1800 191.8500000 191.8700000 191.7600000 191.8100000 34220
041017 1801 191.8300000 191.8900000 191.8100000 191.8100000 6460
041017 1802 191.8300000 191.8800000 191.8200000 191.8300000 14620
041017 1803 191.8400000 191.9400000 191.8300000 191.8900000 64690
041017 1804 191.8900000 191.9400000 191.8400000 191.8400000 23340
041017 1805 191.8400000 192.0000000 191.8400000 191.9400000 296220
041017 1806 191.9900000 192.0000000 191.8500000 191.9300000 111500
041017 1807 191.9300000 191.9500000 191.8700000 191.9300000 5210
041017 1808 191.9300000 191.9300000 191.9000000 191.9200000 6490
041017 1809 191.9200000 191.9200000 191.8800000 191.8800000 6430
041017 1810 191.8800000 191.9300000 191.8600000 191.9300000 14740
041017 1811 191.9300000 191.9500000 191.8600000 191.8800000 21920
041017 1812 191.8800000 191.9400000 191.8100000 191.8300000 20580
041017 1813 191.8300000 191.8500000 191.7700000 191.7900000 41470
041017 1814 191.7900000 191.8900000 191.7000000 191.7900000 154330
041017 1815 191.8000000 191.8500000 191.6800000 191.7300000 90480
041017 1816 191.7300000 191.8000000 191.7000000 191.7000000 114760
041017 1817 191.7000000 191.7100000 191.6400000 191.6400000 59220
041017 1818 191.6400000 191.6500000 191.5400000 191.5400000 320460
041017 1819 191.5400000 191.6300000 191.5200000 191.5500000 76840
041017 1820 191.5300000 191.7000000 191.5300000 191.5500000 78600
041017 1821 191.5500000 191.6800000 191.5500000 191.6100000 21620
041017 1822 191.6100000 191.7000000 191.6100000 191.6100000 28800
041017 1823 191.6100000 191.7100000 191.5600000 191.5700000 55590
041017 1824 191.5700000 191.6600000 191.5700000 191.5900000 13840
041017 1825 191.5800000 191.7000000 191.5500000 191.6000000 79070
041017 1826 191.6500000 191.6800000 191.6000000 191.6400000 8240
041017 1827 191.6400000 191.7800000 191.6400000 191.6700000 78050
041017 1828 191.6700000 191.7700000 191.6700000 191.6700000 44300
041017 1829 191.6700000 191.8500000 191.6600000 191.8200000 150230
041017 1830 191.8300000 191.8400000 191.7500000 191.7900000 63780
041017 1831 191.7800000 191.9200000 191.7800000 191.8500000 240030
041017 1832 191.8500000 191.9200000 191.8500000 191.9000000 81070
041017 1833 191.9000000 191.9400000 191.8100000 191.8900000 127970
041017 1834 191.8200000 191.8900000 191.8200000 191.8300000 3100
041017 1835 191.8700000 191.9500000 191.7600000 191.8000000 200110
041017 1836 191.8000000 191.8200000 191.7900000 191.8000000 45380
041017 1837 191.8200000 191.8200000 191.7400000 191.7900000 53170
041017 1838 191.7400000 191.8500000 191.7100000 191.8500000 167340
041017 1839 191.8500000 192.0300000 191.7800000 192.0000000 395870
041017 1845 192.0300000 192.0300000 192.0300000 192.0300000 192800
041017 1846 192.0300000 192.0300000 192.0300000 192.0300000 2290
041017 1847 192.0300000 192.0300000 192.0300000 192.0300000 7050
041017 1848 192.0300000 192.0300000 192.0300000 192.0300000 50
041017 1849 192.0300000 192.0300000 192.0300000 192.0300000 20
