GAZP 1 20170929 100000 122.5000000 122.5400000 122.2600000 122.4600000 50,150
GAZP 1 20170929 100100 122.4800000 122.4800000 122.2900000 122.4400000 54,710
GAZP 1 20170929 100200 122.4500000 122.5900000 122.4500000 122.5300000 14,040
GAZP 1 20170929 100300 122.5800000 122.6400000 122.5100000 122.6400000 82,100
GAZP 1 20170929 100400 122.6300000 122.7100000 122.6300000 122.7000000 162,840
GAZP 1 20170929 100500 122.7000000 122.7300000 122.6800000 122.7100000 111,290
GAZP 1 20170929 100600 122.6800000 122.6800000 122.5500000 122.6700000 92,560
GAZP 1 20170929 100700 122.6500000 122.6800000 122.6300000 122.6500000 115,510
GAZP 1 20170929 100800 122.6600000 122.7000000 122.6500000 122.6500000 72,850
GAZP 1 20170929 100900 122.6600000 122.7000000 122.6500000 122.6500000 52,590
GAZP 1 20170929 101000 122.6800000 122.7600000 122.6800000 122.7400000 65,600
GAZP 1 20170929 101100 122.7500000 122.7600000 122.6600000 122.6600000 23,570
GAZP 1 20170929 101200 122.6900000 122.7000000 122.6600000 122.6700000 9,690
GAZP 1 20170929 101300 122.6700000 122.7500000 122.6600000 122.7500000 36,720
GAZP 1 20170929 101400 122.7500000 122.7500000 122.7200000 122.7500000 7,120
GAZP 1 20170929 101500 122.7500000 122.7700000 122.7200000 122.7600000 94,720
GAZP 1 20170929 101600 122.7800000 122.8100000 122.7300000 122.7800000 74,650
GAZP 1 20170929 101700 122.8000000 122.8000000 122.7300000 122.7300000 13,370
GAZP 1 20170929 101800 122.7400000 122.7500000 122.6200000 122.6600000 56,680
GAZP 1 20170929 101900 122.6700000 122.6700000 122.6200000 122.6300000 17,070
GAZP 1 20170929 102000 122.6300000 122.6400000 122.6100000 122.6200000 7,980
GAZP 1 20170929 102100 122.6100000 122.6200000 122.4100000 122.6000000 118,620
GAZP 1 20170929 102200 122.5900000 122.5900000 122.4200000 122.5000000 52,240
GAZP 1 20170929 102300 122.4800000 122.4800000 122.3600000 122.4000000 46,610
GAZP 1 20170929 102400 122.4000000 122.5700000 122.3300000 122.4900000 131,040
GAZP 1 20170929 102500 122.4900000 122.5400000 122.4700000 122.5400000 5,990
GAZP 1 20170929 102600 122.5100000 122.5100000 122.5000000 122.5000000 2,110
GAZP 1 20170929 102700 122.5400000 122.5400000 122.5400000 122.5400000 1,800
GAZP 1 20170929 102800 122.5500000 122.5700000 122.5300000 122.5500000 12,850
GAZP 1 20170929 102900 122.5800000 122.5800000 122.4700000 122.5100000 35,780
GAZP 1 20170929 103000 122.5100000 122.5600000 122.5100000 122.5600000 10,670
GAZP 1 20170929 103100 122.5400000 122.5500000 122.4900000 122.5200000 28,400
GAZP 1 20170929 103200 122.5500000 122.5900000 122.5100000 122.5900000 24,280
GAZP 1 20170929 103300 122.5500000 122.5800000 122.5100000 122.5500000 13,330
GAZP 1 20170929 103400 122.5500000 122.5500000 122.4500000 122.4600000 34,100
GAZP 1 20170929 103500 122.4500000 122.4700000 122.3700000 122.4200000 21,970
GAZP 1 20170929 103600 122.4500000 122.5500000 122.4500000 122.5200000 13,020
GAZP 1 20170929 103700 122.5500000 122.5800000 122.5500000 122.5800000 3,340
GAZP 1 20170929 103800 122.5800000 122.5900000 122.5100000 122.5700000 20,590
GAZP 1 20170929 103900 122.5500000 122.5900000 122.4200000 122.4900000 41,500
GAZP 1 20170929 104000 122.5000000 122.5400000 122.5000000 122.5400000 1,050
GAZP 1 20170929 104100 122.5300000 122.7000000 122.5200000 122.6200000 83,150
GAZP 1 20170929 104200 122.5800000 122.5800000 122.5100000 122.5700000 3,640
GAZP 1 20170929 104300 122.5200000 122.5500000 122.4800000 122.4800000 24,160
GAZP 1 20170929 104400 122.5300000 122.5400000 122.4800000 122.4800000 5,310
GAZP 1 20170929 104500 122.4800000 122.4800000 122.4800000 122.4800000 1,500
GAZP 1 20170929 104600 122.4600000 122.4600000 122.3400000 122.3400000 21,420
GAZP 1 20170929 104700 122.3700000 122.4100000 122.1600000 122.2100000 316,280
GAZP 1 20170929 104800 122.2100000 122.3600000 122.2100000 122.3600000 47,950
GAZP 1 20170929 104900 122.3600000 122.3900000 122.2500000 122.2900000 18,810
GAZP 1 20170929 105000 122.3200000 122.3500000 122.3200000 122.3300000 6,460
GAZP 1 20170929 105100 122.3300000 122.3900000 122.2500000 122.2800000 150,480
GAZP 1 20170929 105200 122.2700000 122.3400000 122.1900000 122.2300000 151,400
GAZP 1 20170929 105300 122.2400000 122.2800000 122.2200000 122.2800000 2,550
GAZP 1 20170929 105400 122.2800000 122.3000000 122.2500000 122.2800000 4,030
GAZP 1 20170929 105500 122.2600000 122.2900000 122.2400000 122.2600000 17,100
GAZP 1 20170929 105600 122.2300000 122.2500000 122.2000000 122.2000000 46,900
GAZP 1 20170929 105700 122.2400000 122.2400000 122.2000000 122.2200000 10,340
GAZP 1 20170929 105800 122.2200000 122.3300000 122.2100000 122.3300000 17,170
GAZP 1 20170929 105900 122.3200000 122.3400000 122.2900000 122.3400000 3,970
GAZP 1 20170929 110000 122.3300000 122.4200000 122.3200000 122.4000000 143,710
GAZP 1 20170929 110100 122.4200000 122.4800000 122.4200000 122.4300000 12,110
GAZP 1 20170929 110200 122.4400000 122.5100000 122.4200000 122.4700000 33,230
GAZP 1 20170929 110300 122.4700000 122.5900000 122.4700000 122.5500000 35,900
GAZP 1 20170929 110400 122.5400000 122.6100000 122.5400000 122.6100000 12,010
GAZP 1 20170929 110500 122.6200000 122.6300000 122.5800000 122.6200000 13,830
GAZP 1 20170929 110600 122.6200000 122.6200000 122.5100000 122.5500000 47,340
GAZP 1 20170929 110700 122.5400000 122.5600000 122.4700000 122.4700000 112,250
GAZP 1 20170929 110800 122.4600000 122.4600000 122.3800000 122.4100000 9,000
GAZP 1 20170929 110900 122.4300000 122.4300000 122.3200000 122.3900000 16,400
GAZP 1 20170929 111000 122.3700000 122.4000000 122.3000000 122.4000000 40,190
GAZP 1 20170929 111100 122.4400000 122.4400000 122.4200000 122.4200000 100
GAZP 1 20170929 111200 122.4300000 122.4500000 122.3900000 122.4100000 7,470
GAZP 1 20170929 111300 122.3900000 122.4500000 122.3800000 122.4400000 48,130
GAZP 1 20170929 111400 122.4200000 122.4300000 122.3500000 122.4300000 22,700
GAZP 1 20170929 111500 122.4200000 122.4400000 122.4200000 122.4400000 1,650
GAZP 1 20170929 111600 122.4400000 122.4500000 122.4300000 122.4500000 1,630
GAZP 1 20170929 111700 122.4500000 122.4900000 122.4500000 122.4900000 3,280
GAZP 1 20170929 111800 122.4900000 122.5100000 122.4600000 122.5000000 12,140
GAZP 1 20170929 111900 122.4900000 122.5000000 122.4900000 122.5000000 1,320
GAZP 1 20170929 112000 122.5000000 122.5000000 122.4700000 122.4700000 1,400
GAZP 1 20170929 112100 122.5100000 122.5100000 122.4400000 122.4700000 13,180
GAZP 1 20170929 112200 122.4400000 122.4500000 122.4000000 122.4000000 8,060
GAZP 1 20170929 112300 122.4200000 122.4500000 122.4200000 122.4500000 2,140
GAZP 1 20170929 112400 122.4400000 122.4400000 122.4400000 122.4400000 50
GAZP 1 20170929 112500 122.4400000 122.4400000 122.3200000 122.3200000 32,780
GAZP 1 20170929 112600 122.3200000 122.3900000 122.3200000 122.3600000 23,880
GAZP 1 20170929 112700 122.3500000 122.3900000 122.3400000 122.3400000 9,450
GAZP 1 20170929 112800 122.3800000 122.4600000 122.3800000 122.4600000 16,000
GAZP 1 20170929 112900 122.4700000 122.5500000 122.4300000 122.4300000 30,570
GAZP 1 20170929 113000 122.4500000 122.6000000 122.4500000 122.5500000 12,190
GAZP 1 20170929 113100 122.5400000 122.5400000 122.4200000 122.4700000 23,130
GAZP 1 20170929 113200 122.4600000 122.5000000 122.4200000 122.4400000 23,180
GAZP 1 20170929 113300 122.4900000 122.4900000 122.3800000 122.4700000 36,570
GAZP 1 20170929 113400 122.4700000 122.5000000 122.4600000 122.4900000 34,320
GAZP 1 20170929 113500 122.5000000 122.5700000 122.4600000 122.4600000 37,360
GAZP 1 20170929 113600 122.4600000 122.4900000 122.4300000 122.4300000 25,780
GAZP 1 20170929 113700 122.4500000 122.4600000 122.4400000 122.4600000 5,570
GAZP 1 20170929 113800 122.4800000 122.4800000 122.4800000 122.4800000 1,630
GAZP 1 20170929 113900 122.4700000 122.4700000 122.4600000 122.4600000 2,800
GAZP 1 20170929 114000 122.5100000 122.5100000 122.5000000 122.5000000 30
GAZP 1 20170929 114100 122.4800000 122.5000000 122.4500000 122.4500000 6,120
GAZP 1 20170929 114200 122.4800000 122.5000000 122.4700000 122.5000000 5,250
GAZP 1 20170929 114300 122.4600000 122.4600000 122.4600000 122.4600000 190
GAZP 1 20170929 114500 122.4800000 122.4800000 122.4600000 122.4600000 650
GAZP 1 20170929 114700 122.4800000 122.4800000 122.4800000 122.4800000 10
GAZP 1 20170929 114800 122.4800000 122.4800000 122.4600000 122.4800000 1,300
GAZP 1 20170929 114900 122.4600000 122.5200000 122.4600000 122.5200000 5,600
GAZP 1 20170929 115000 122.4800000 122.4800000 122.4600000 122.4600000 4,180
GAZP 1 20170929 115100 122.4500000 122.4500000 122.3800000 122.3800000 34,620
GAZP 1 20170929 115200 122.3700000 122.3700000 122.3200000 122.3400000 11,790
GAZP 1 20170929 115300 122.3700000 122.3700000 122.3200000 122.3600000 11,670
GAZP 1 20170929 115400 122.3600000 122.3800000 122.3600000 122.3800000 1,010
GAZP 1 20170929 115500 122.3800000 122.5300000 122.3800000 122.5300000 15,470
GAZP 1 20170929 115600 122.5100000 122.5100000 122.3500000 122.3500000 23,030
GAZP 1 20170929 115700 122.3900000 122.4100000 122.2700000 122.2700000 88,170
GAZP 1 20170929 115800 122.2700000 122.4700000 122.2700000 122.4600000 26,860
GAZP 1 20170929 115900 122.4200000 122.4200000 122.3900000 122.3900000 8,170
GAZP 1 20170929 120000 122.4200000 122.4600000 122.4100000 122.4200000 7,790
GAZP 1 20170929 120100 122.3900000 122.4400000 122.3600000 122.3900000 33,810
GAZP 1 20170929 120200 122.4200000 122.4300000 122.3700000 122.4300000 7,830
GAZP 1 20170929 120300 122.4400000 122.4900000 122.3700000 122.3700000 29,130
GAZP 1 20170929 120400 122.3900000 122.4100000 122.3100000 122.3100000 8,320
GAZP 1 20170929 120500 122.3600000 122.4500000 122.3600000 122.4200000 24,650
GAZP 1 20170929 120600 122.4100000 122.4100000 122.3300000 122.3300000 10,950
GAZP 1 20170929 120700 122.3500000 122.4200000 122.3500000 122.4000000 24,220
GAZP 1 20170929 120800 122.4100000 122.4200000 122.4000000 122.4100000 8,500
GAZP 1 20170929 120900 122.4400000 122.4700000 122.4000000 122.4000000 7,140
GAZP 1 20170929 121000 122.4300000 122.4500000 122.3400000 122.3800000 63,580
GAZP 1 20170929 121100 122.4300000 122.4300000 122.3200000 122.3500000 20,900
GAZP 1 20170929 121200 122.3200000 122.3500000 122.3100000 122.3500000 10,110
GAZP 1 20170929 121300 122.3100000 122.3600000 122.3100000 122.3400000 10,020
GAZP 1 20170929 121400 122.3600000 122.3800000 122.3500000 122.3800000 550
GAZP 1 20170929 121500 122.3500000 122.3900000 122.3400000 122.3900000 6,150
GAZP 1 20170929 121600 122.3600000 122.3600000 122.3300000 122.3300000 8,000
GAZP 1 20170929 121700 122.3200000 122.3400000 122.2700000 122.3400000 23,480
GAZP 1 20170929 121800 122.3400000 122.3400000 122.3400000 122.3400000 10
GAZP 1 20170929 121900 122.3300000 122.3300000 122.3100000 122.3100000 3,310
GAZP 1 20170929 122000 122.3400000 122.3700000 122.3200000 122.3300000 14,880
GAZP 1 20170929 122100 122.3800000 122.4200000 122.3800000 122.4000000 39,420
GAZP 1 20170929 122200 122.4000000 122.4200000 122.3700000 122.4200000 24,930
GAZP 1 20170929 122300 122.4200000 122.4600000 122.4200000 122.4600000 3,600
GAZP 1 20170929 122400 122.4200000 122.4300000 122.3500000 122.3500000 5,540
GAZP 1 20170929 122500 122.3500000 122.3500000 122.3500000 122.3500000 2,020
GAZP 1 20170929 122600 122.3700000 122.4000000 122.3700000 122.4000000 6,000
GAZP 1 20170929 122700 122.3800000 122.4000000 122.3500000 122.3500000 15,260
GAZP 1 20170929 122800 122.3600000 122.4000000 122.3400000 122.3400000 2,280
GAZP 1 20170929 122900 122.3500000 122.3500000 122.3400000 122.3400000 1,420
GAZP 1 20170929 123000 122.3600000 122.4500000 122.3000000 122.4100000 53,860
GAZP 1 20170929 123100 122.3900000 122.4000000 122.3400000 122.3700000 5,040
GAZP 1 20170929 123200 122.4000000 122.4200000 122.4000000 122.4000000 8,190
GAZP 1 20170929 123300 122.4200000 122.4400000 122.4200000 122.4400000 1,100
GAZP 1 20170929 123400 122.4400000 122.4400000 122.4400000 122.4400000 670
GAZP 1 20170929 123500 122.4400000 122.4400000 122.4400000 122.4400000 450
GAZP 1 20170929 123600 122.4300000 122.4300000 122.4200000 122.4200000 1,160
GAZP 1 20170929 123700 122.4200000 122.4200000 122.3700000 122.3800000 27,520
GAZP 1 20170929 123800 122.3600000 122.3600000 122.3000000 122.3300000 17,090
GAZP 1 20170929 123900 122.3500000 122.3800000 122.3300000 122.3800000 3,700
GAZP 1 20170929 124000 122.3800000 122.4200000 122.3200000 122.3700000 34,920
GAZP 1 20170929 124100 122.3600000 122.3700000 122.2300000 122.2900000 51,820
GAZP 1 20170929 124200 122.2900000 122.2900000 122.2900000 122.2900000 120
GAZP 1 20170929 124300 122.2900000 122.3500000 122.2900000 122.3300000 56,880
GAZP 1 20170929 124400 122.3000000 122.3200000 122.2900000 122.2900000 3,360
GAZP 1 20170929 124500 122.2900000 122.3300000 122.2900000 122.3300000 3,210
GAZP 1 20170929 124600 122.3300000 122.3400000 122.2900000 122.3400000 2,410
GAZP 1 20170929 124700 122.3300000 122.3700000 122.3300000 122.3700000 13,720
GAZP 1 20170929 124800 122.3700000 122.3700000 122.3700000 122.3700000 10
GAZP 1 20170929 124900 122.3600000 122.3700000 122.3200000 122.3700000 6,230
GAZP 1 20170929 125000 122.3700000 122.4400000 122.3700000 122.4100000 32,490
GAZP 1 20170929 125100 122.3800000 122.3800000 122.2800000 122.2800000 12,060
GAZP 1 20170929 125200 122.3100000 122.3100000 122.2400000 122.2500000 9,530
GAZP 1 20170929 125300 122.2800000 122.2800000 122.2100000 122.2100000 17,990
GAZP 1 20170929 125400 122.2100000 122.2700000 122.2100000 122.2700000 7,700
GAZP 1 20170929 125500 122.2500000 122.2800000 122.2300000 122.2800000 7,880
GAZP 1 20170929 125600 122.2700000 122.2700000 122.2300000 122.2500000 10,940
GAZP 1 20170929 125700 122.2700000 122.2700000 122.1600000 122.1900000 120,710
GAZP 1 20170929 125800 122.1900000 122.2600000 122.1600000 122.2400000 30,580
GAZP 1 20170929 125900 122.2300000 122.2300000 122.1800000 122.2000000 36,450
GAZP 1 20170929 130000 122.1900000 122.2300000 122.0500000 122.1500000 362,690
GAZP 1 20170929 130100 122.1500000 122.1500000 122.0700000 122.0700000 16,600
GAZP 1 20170929 130200 122.1000000 122.1600000 122.0700000 122.1600000 10,010
GAZP 1 20170929 130300 122.1200000 122.1500000 122.0700000 122.1500000 22,210
GAZP 1 20170929 130400 122.1000000 122.1300000 122.0900000 122.1300000 7,250
GAZP 1 20170929 130500 122.1400000 122.1600000 122.0500000 122.0800000 43,670
GAZP 1 20170929 130600 122.1000000 122.1400000 122.0700000 122.1400000 15,250
GAZP 1 20170929 130700 122.1500000 122.1700000 122.0800000 122.1100000 18,590
GAZP 1 20170929 130800 122.1100000 122.1100000 122.1000000 122.1000000 1,990
GAZP 1 20170929 130900 122.1100000 122.1400000 122.1000000 122.1200000 2,150
GAZP 1 20170929 131000 122.1000000 122.1100000 122.0700000 122.0900000 14,560
GAZP 1 20170929 131100 122.0900000 122.1100000 122.0200000 122.0800000 117,330
GAZP 1 20170929 131200 122.0700000 122.0700000 121.9000000 121.9500000 593,190
GAZP 1 20170929 131300 121.9500000 121.9900000 121.9300000 121.9900000 9,470
GAZP 1 20170929 131400 122.0000000 122.0500000 121.9700000 122.0400000 66,760
GAZP 1 20170929 131500 122.0400000 122.0500000 121.9200000 122.0000000 47,880
GAZP 1 20170929 131600 122.0400000 122.0800000 122.0200000 122.0800000 32,850
GAZP 1 20170929 131700 122.0700000 122.1400000 122.0700000 122.1000000 24,110
GAZP 1 20170929 131800 122.0900000 122.0900000 122.0300000 122.0900000 14,720
GAZP 1 20170929 131900 122.0900000 122.1200000 122.0800000 122.0900000 34,400
GAZP 1 20170929 132000 122.1300000 122.1300000 122.1100000 122.1300000 7,280
GAZP 1 20170929 132100 122.1100000 122.1600000 122.0800000 122.1600000 30,780
GAZP 1 20170929 132200 122.1600000 122.1800000 122.1500000 122.1800000 6,780
GAZP 1 20170929 132300 122.1800000 122.2000000 122.1600000 122.1700000 13,610
GAZP 1 20170929 132400 122.1400000 122.1600000 122.0800000 122.0800000 10,940
GAZP 1 20170929 132500 122.1000000 122.1200000 122.0600000 122.1000000 14,180
GAZP 1 20170929 132600 122.0600000 122.1200000 122.0600000 122.1200000 17,080
GAZP 1 20170929 132700 122.1200000 122.1300000 122.0700000 122.1000000 14,280
GAZP 1 20170929 132800 122.0800000 122.1200000 122.0800000 122.0800000 6,660
GAZP 1 20170929 132900 122.1200000 122.1800000 122.1200000 122.1500000 27,580
GAZP 1 20170929 133000 122.1700000 122.1900000 122.1200000 122.1800000 19,410
GAZP 1 20170929 133100 122.1600000 122.1900000 122.1600000 122.1800000 11,100
GAZP 1 20170929 133200 122.1900000 122.1900000 122.1500000 122.1600000 5,010
GAZP 1 20170929 133300 122.1500000 122.1500000 122.0500000 122.1000000 42,450
GAZP 1 20170929 133400 122.1100000 122.1200000 122.1000000 122.1200000 40,040
GAZP 1 20170929 133500 122.1300000 122.2400000 122.1300000 122.2400000 68,820
GAZP 1 20170929 133600 122.2300000 122.2500000 122.1800000 122.2200000 16,070
GAZP 1 20170929 133700 122.1900000 122.1900000 122.1800000 122.1900000 6,690
GAZP 1 20170929 133800 122.2000000 122.2800000 122.2000000 122.2800000 22,930
GAZP 1 20170929 133900 122.2300000 122.2400000 122.2300000 122.2400000 890
GAZP 1 20170929 134000 122.2500000 122.2500000 122.2400000 122.2400000 1,150
GAZP 1 20170929 134100 122.2300000 122.2300000 122.1400000 122.1500000 9,660
GAZP 1 20170929 134200 122.1500000 122.1600000 122.1300000 122.1600000 3,190
GAZP 1 20170929 134300 122.1600000 122.2000000 122.1500000 122.1800000 12,920
GAZP 1 20170929 134400 122.1800000 122.1800000 122.1800000 122.1800000 1,040
GAZP 1 20170929 134500 122.1900000 122.1900000 122.1900000 122.1900000 370
GAZP 1 20170929 134600 122.1900000 122.2100000 122.1900000 122.2000000 2,680
GAZP 1 20170929 134700 122.2000000 122.2000000 122.1900000 122.2000000 2,060
GAZP 1 20170929 134800 122.1900000 122.1900000 122.1900000 122.1900000 2,630
GAZP 1 20170929 134900 122.1900000 122.1900000 122.1900000 122.1900000 1,790
GAZP 1 20170929 135000 122.2100000 122.2200000 122.2100000 122.2200000 890
GAZP 1 20170929 135100 122.2000000 122.2200000 122.2000000 122.2000000 3,150
GAZP 1 20170929 135200 122.2000000 122.2200000 122.1900000 122.2200000 3,100
GAZP 1 20170929 135300 122.2000000 122.2000000 122.0600000 122.0700000 112,770
GAZP 1 20170929 135400 122.0700000 122.1100000 122.0600000 122.1100000 10,960
GAZP 1 20170929 135500 122.1000000 122.1400000 122.0600000 122.0600000 11,700
GAZP 1 20170929 135600 122.0900000 122.0900000 122.0100000 122.0900000 121,680
GAZP 1 20170929 135700 122.0700000 122.0800000 122.0700000 122.0800000 530
GAZP 1 20170929 135800 122.0800000 122.0900000 122.0800000 122.0800000 4,120
GAZP 1 20170929 135900 122.1000000 122.1000000 122.0000000 122.0400000 106,440
GAZP 1 20170929 140000 122.0500000 122.1000000 121.9500000 121.9500000 27,720
GAZP 1 20170929 140100 121.9800000 122.0000000 121.9700000 122.0000000 7,020
GAZP 1 20170929 140200 121.9900000 122.0500000 121.9800000 122.0500000 49,990
GAZP 1 20170929 140300 122.0600000 122.1500000 122.0600000 122.1000000 4,350
GAZP 1 20170929 140400 122.0900000 122.1400000 122.0900000 122.1100000 5,210
GAZP 1 20170929 140500 122.1200000 122.1200000 121.9600000 121.9600000 84,480
GAZP 1 20170929 140600 121.9700000 122.0000000 121.9500000 121.9800000 74,640
GAZP 1 20170929 140700 122.0000000 122.0000000 121.9800000 121.9900000 1,070
GAZP 1 20170929 140800 121.9900000 122.0600000 121.9900000 122.0600000 12,770
GAZP 1 20170929 140900 122.0200000 122.0300000 122.0200000 122.0300000 10,420
GAZP 1 20170929 141000 122.0100000 122.0600000 122.0100000 122.0600000 3,870
GAZP 1 20170929 141100 122.0600000 122.0800000 122.0300000 122.0300000 21,620
GAZP 1 20170929 141200 122.0200000 122.1300000 121.9900000 122.0700000 37,340
GAZP 1 20170929 141300 122.0700000 122.0700000 122.0300000 122.0400000 6,180
GAZP 1 20170929 141400 122.0300000 122.0400000 122.0200000 122.0400000 1,330
GAZP 1 20170929 141500 122.0400000 122.0500000 122.0300000 122.0500000 5,680
GAZP 1 20170929 141600 122.0700000 122.0900000 122.0500000 122.0600000 7,800
GAZP 1 20170929 141700 122.0700000 122.0700000 122.0600000 122.0600000 8,480
GAZP 1 20170929 141800 122.0600000 122.0600000 122.0500000 122.0600000 3,740
GAZP 1 20170929 141900 122.0500000 122.1000000 122.0500000 122.1000000 2,220
GAZP 1 20170929 142000 122.0900000 122.1200000 122.0800000 122.1100000 9,130
GAZP 1 20170929 142100 122.1100000 122.1700000 122.1100000 122.1700000 10,170
GAZP 1 20170929 142200 122.1600000 122.2000000 122.1400000 122.1400000 14,750
GAZP 1 20170929 142300 122.1400000 122.2200000 122.1400000 122.2200000 25,380
GAZP 1 20170929 142400 122.2300000 122.2400000 122.1700000 122.1900000 14,500
GAZP 1 20170929 142500 122.1900000 122.1900000 122.1700000 122.1900000 1,470
GAZP 1 20170929 142600 122.2000000 122.2100000 122.1900000 122.2100000 4,000
GAZP 1 20170929 142700 122.1900000 122.2100000 122.1900000 122.2000000 220
GAZP 1 20170929 142800 122.2100000 122.2400000 122.2100000 122.2400000 2,220
GAZP 1 20170929 142900 122.2100000 122.2600000 122.2100000 122.2200000 2,420
GAZP 1 20170929 143000 122.2600000 122.3600000 122.2600000 122.3200000 68,710
GAZP 1 20170929 143100 122.3200000 122.3400000 122.2800000 122.2900000 16,480
GAZP 1 20170929 143200 122.2900000 122.2900000 122.2900000 122.2900000 1,760
GAZP 1 20170929 143300 122.2700000 122.2700000 122.1600000 122.1600000 17,000
GAZP 1 20170929 143400 122.2000000 122.2100000 122.1700000 122.1800000 2,040
GAZP 1 20170929 143500 122.1800000 122.2100000 122.1800000 122.2100000 440
GAZP 1 20170929 143600 122.2200000 122.2600000 122.2100000 122.2100000 5,330
GAZP 1 20170929 143700 122.2100000 122.2400000 122.2100000 122.2400000 410
GAZP 1 20170929 143800 122.2200000 122.2400000 122.2200000 122.2400000 1,020
GAZP 1 20170929 143900 122.2400000 122.2600000 122.1900000 122.2200000 22,870
GAZP 1 20170929 144000 122.2000000 122.2600000 122.1600000 122.2600000 16,420
GAZP 1 20170929 144100 122.2700000 122.2700000 122.1100000 122.1100000 26,330
GAZP 1 20170929 144200 122.1200000 122.2200000 122.1200000 122.2200000 7,830
GAZP 1 20170929 144300 122.2000000 122.2000000 122.1100000 122.1600000 9,240
GAZP 1 20170929 144400 122.1500000 122.1500000 122.1100000 122.1100000 3,720
GAZP 1 20170929 144500 122.1400000 122.1500000 122.1000000 122.1400000 10,980
GAZP 1 20170929 144600 122.1200000 122.1700000 122.1100000 122.1700000 12,450
GAZP 1 20170929 144700 122.1800000 122.1900000 122.0700000 122.1000000 71,330
GAZP 1 20170929 144800 122.1000000 122.1800000 122.1000000 122.1800000 48,160
GAZP 1 20170929 144900 122.1400000 122.1600000 122.0300000 122.0300000 32,470
GAZP 1 20170929 145000 122.0500000 122.0800000 122.0100000 122.0800000 42,830
GAZP 1 20170929 145100 122.0900000 122.1200000 122.0800000 122.1200000 1,130
GAZP 1 20170929 145200 122.1200000 122.1600000 122.1200000 122.1600000 12,990
GAZP 1 20170929 145300 122.1400000 122.1400000 122.1000000 122.1200000 3,930
GAZP 1 20170929 145400 122.1300000 122.1300000 122.1000000 122.1000000 8,640
GAZP 1 20170929 145500 122.1000000 122.1300000 122.1000000 122.1300000 4,660
GAZP 1 20170929 145600 122.1000000 122.1000000 122.0400000 122.0400000 16,620
GAZP 1 20170929 145700 122.0600000 122.1200000 122.0400000 122.0800000 14,350
GAZP 1 20170929 145800 122.0800000 122.1300000 122.0800000 122.1300000 9,100
GAZP 1 20170929 145900 122.1200000 122.1600000 122.1000000 122.1600000 66,570
GAZP 1 20170929 150000 122.1500000 122.1500000 122.1500000 122.1500000 630
GAZP 1 20170929 150100 122.1600000 122.1600000 122.1600000 122.1600000 1,350
GAZP 1 20170929 150200 122.1600000 122.2000000 122.1200000 122.2000000 101,380
GAZP 1 20170929 150300 122.2200000 122.2400000 122.2000000 122.2000000 7,020
GAZP 1 20170929 150400 122.2000000 122.2500000 122.2000000 122.2500000 4,370
GAZP 1 20170929 150500 122.2500000 122.2500000 122.2400000 122.2400000 160
GAZP 1 20170929 150600 122.2500000 122.2500000 122.2300000 122.2400000 2,540
GAZP 1 20170929 150700 122.2400000 122.2600000 122.2000000 122.2600000 11,290
GAZP 1 20170929 150800 122.2400000 122.2400000 122.1600000 122.1800000 3,820
GAZP 1 20170929 150900 122.1900000 122.2100000 122.1900000 122.2100000 1,500
GAZP 1 20170929 151000 122.2100000 122.2500000 122.2000000 122.2500000 3,240
GAZP 1 20170929 151100 122.2100000 122.2100000 122.1700000 122.1700000 8,220
GAZP 1 20170929 151200 122.1900000 122.2100000 122.1900000 122.2100000 200
GAZP 1 20170929 151300 122.2100000 122.2100000 122.1600000 122.1600000 9,030
GAZP 1 20170929 151400 122.2000000 122.2700000 122.1600000 122.1700000 25,620
GAZP 1 20170929 151500 122.2200000 122.2200000 122.1900000 122.1900000 1,100
GAZP 1 20170929 151600 122.1800000 122.1900000 122.0900000 122.1000000 109,450
GAZP 1 20170929 151700 122.1600000 122.1700000 122.1200000 122.1300000 4,640
GAZP 1 20170929 151800 122.1200000 122.1400000 122.1100000 122.1400000 110
GAZP 1 20170929 151900 122.1300000 122.1600000 122.1100000 122.1600000 11,640
GAZP 1 20170929 152000 122.1700000 122.2000000 122.1700000 122.2000000 2,550
GAZP 1 20170929 152100 122.2000000 122.2000000 122.1800000 122.1800000 7,150
GAZP 1 20170929 152200 122.1900000 122.2100000 122.1900000 122.2000000 9,640
GAZP 1 20170929 152300 122.2000000 122.2200000 122.1000000 122.1400000 15,850
GAZP 1 20170929 152400 122.1600000 122.1700000 122.1600000 122.1700000 90
GAZP 1 20170929 152500 122.1700000 122.1700000 122.1400000 122.1400000 660
GAZP 1 20170929 152600 122.1700000 122.1700000 122.1300000 122.1300000 270
GAZP 1 20170929 152700 122.1400000 122.2000000 122.1400000 122.2000000 29,800
GAZP 1 20170929 152800 122.1500000 122.2400000 122.1500000 122.1700000 68,580
GAZP 1 20170929 152900 122.1900000 122.2000000 122.1900000 122.2000000 5,000
GAZP 1 20170929 153000 122.1900000 122.1900000 122.0800000 122.1000000 42,050
GAZP 1 20170929 153100 122.0700000 122.1000000 122.0100000 122.0300000 215,460
GAZP 1 20170929 153200 122.0800000 122.1300000 122.0100000 122.0700000 77,930
GAZP 1 20170929 153300 122.0600000 122.0700000 122.0300000 122.0300000 19,700
GAZP 1 20170929 153400 122.0600000 122.0800000 122.0600000 122.0800000 8,530
GAZP 1 20170929 153500 122.0700000 122.0900000 122.0000000 122.0200000 43,120
GAZP 1 20170929 153600 122.0200000 122.0900000 122.0000000 122.0300000 70,210
GAZP 1 20170929 153700 122.0000000 122.0400000 121.9400000 121.9600000 172,200
GAZP 1 20170929 153800 121.9900000 122.0000000 121.9600000 122.0000000 7,190
GAZP 1 20170929 153900 122.0000000 122.0000000 121.8600000 121.8800000 166,880
GAZP 1 20170929 154000 121.9000000 121.9300000 121.8600000 121.9300000 32,640
GAZP 1 20170929 154100 121.8800000 122.0300000 121.8600000 121.9600000 71,970
GAZP 1 20170929 154200 122.0100000 122.0500000 121.9900000 122.0500000 12,020
GAZP 1 20170929 154300 122.0200000 122.0500000 122.0000000 122.0300000 14,660
GAZP 1 20170929 154400 122.0200000 122.0500000 121.9700000 121.9900000 2,540
GAZP 1 20170929 154500 121.9700000 122.0100000 121.9500000 121.9700000 6,920
GAZP 1 20170929 154600 121.9700000 122.0400000 121.9400000 122.0000000 17,390
GAZP 1 20170929 154700 121.9700000 122.0400000 121.8800000 121.8800000 81,240
GAZP 1 20170929 154800 121.8800000 121.9400000 121.8800000 121.9400000 5,770
GAZP 1 20170929 154900 121.9400000 122.0000000 121.9300000 121.9700000 9,810
GAZP 1 20170929 155000 121.9800000 122.0300000 121.9300000 121.9500000 26,520
GAZP 1 20170929 155100 121.9500000 121.9800000 121.8800000 121.9200000 29,070
GAZP 1 20170929 155200 121.8900000 121.9400000 121.8900000 121.9000000 4,520
GAZP 1 20170929 155300 121.9100000 121.9100000 121.9100000 121.9100000 13,280
GAZP 1 20170929 155400 121.9200000 121.9300000 121.8300000 121.8300000 168,940
GAZP 1 20170929 155500 121.8300000 121.8900000 121.8100000 121.8800000 30,680
GAZP 1 20170929 155600 121.8500000 121.9100000 121.8100000 121.8100000 23,780
GAZP 1 20170929 155700 121.8600000 121.8800000 121.8300000 121.8600000 9,400
GAZP 1 20170929 155800 121.8400000 121.8500000 121.7800000 121.7800000 90,680
GAZP 1 20170929 155900 121.8000000 121.8600000 121.7800000 121.8600000 61,920
GAZP 1 20170929 160000 121.8700000 121.8700000 121.7700000 121.7700000 131,230
GAZP 1 20170929 160100 121.7800000 121.8800000 121.7700000 121.8800000 5,510
GAZP 1 20170929 160200 121.8600000 121.9000000 121.8000000 121.8600000 20,010
GAZP 1 20170929 160300 121.9000000 121.9900000 121.8900000 121.9300000 21,940
GAZP 1 20170929 160400 121.9300000 121.9300000 121.8900000 121.9000000 22,150
GAZP 1 20170929 160500 121.8900000 121.9500000 121.8100000 121.9300000 54,540
GAZP 1 20170929 160600 121.9400000 121.9500000 121.8300000 121.9200000 46,940
GAZP 1 20170929 160700 121.9200000 121.9300000 121.8600000 121.8600000 8,060
GAZP 1 20170929 160800 121.9000000 121.9100000 121.8500000 121.8700000 15,700
GAZP 1 20170929 160900 121.9000000 121.9000000 121.8500000 121.8900000 9,010
GAZP 1 20170929 161000 121.8900000 121.9900000 121.8900000 121.9800000 27,720
GAZP 1 20170929 161100 121.9800000 122.0100000 121.7300000 121.7800000 632,560
GAZP 1 20170929 161200 121.7800000 121.8000000 121.7000000 121.7200000 70,120
GAZP 1 20170929 161300 121.7500000 121.7600000 121.7100000 121.7200000 21,910
GAZP 1 20170929 161400 121.7400000 121.7900000 121.7100000 121.7900000 21,510
GAZP 1 20170929 161500 121.7900000 121.8000000 121.7800000 121.7800000 10,410
GAZP 1 20170929 161600 121.7800000 121.7800000 121.7500000 121.7800000 18,050
GAZP 1 20170929 161700 121.7800000 121.7800000 121.7700000 121.7800000 220
GAZP 1 20170929 161800 121.7800000 121.7900000 121.7600000 121.7800000 22,410
GAZP 1 20170929 161900 121.7900000 121.8000000 121.7800000 121.7900000 5,140
GAZP 1 20170929 162000 121.7900000 121.8000000 121.7500000 121.7900000 39,870
GAZP 1 20170929 162100 121.7500000 121.7900000 121.7500000 121.7500000 12,610
GAZP 1 20170929 162200 121.7800000 121.7900000 121.7500000 121.7700000 10,880
GAZP 1 20170929 162300 121.7500000 121.7700000 121.7200000 121.7500000 18,840
GAZP 1 20170929 162400 121.7800000 121.7800000 121.7500000 121.7700000 1,150
GAZP 1 20170929 162500 121.7600000 121.7800000 121.7600000 121.7700000 7,640
GAZP 1 20170929 162600 121.7800000 121.7800000 121.7500000 121.7800000 7,810
GAZP 1 20170929 162700 121.7800000 121.8000000 121.7500000 121.8000000 73,030
GAZP 1 20170929 162800 121.7800000 121.8000000 121.7700000 121.7700000 17,260
GAZP 1 20170929 162900 121.7700000 121.8000000 121.7600000 121.8000000 4,630
GAZP 1 20170929 163000 121.7800000 121.8000000 121.7700000 121.8000000 19,170
GAZP 1 20170929 163100 121.7900000 121.8000000 121.7800000 121.8000000 11,470
GAZP 1 20170929 163200 121.8000000 121.8000000 121.7900000 121.8000000 68,640
GAZP 1 20170929 163300 121.8000000 121.8000000 121.7700000 121.8000000 65,950
GAZP 1 20170929 163400 121.7900000 121.8900000 121.7700000 121.8700000 1,003,450
GAZP 1 20170929 163500 121.8700000 121.9500000 121.8600000 121.8900000 56,880
GAZP 1 20170929 163600 121.8900000 121.9400000 121.8800000 121.9200000 20,570
GAZP 1 20170929 163700 121.9100000 121.9200000 121.8700000 121.8700000 3,570
GAZP 1 20170929 163800 121.9000000 121.9100000 121.9000000 121.9100000 12,750
GAZP 1 20170929 163900 121.9100000 122.0000000 121.9000000 121.9800000 16,710
GAZP 1 20170929 164000 121.9700000 122.0200000 121.9300000 121.9500000 11,550
GAZP 1 20170929 164100 121.9300000 121.9400000 121.9300000 121.9300000 120
GAZP 1 20170929 164200 121.9300000 121.9400000 121.9300000 121.9300000 650
GAZP 1 20170929 164300 121.9400000 121.9800000 121.9300000 121.9800000 5,040
GAZP 1 20170929 164400 121.9800000 122.0000000 121.9700000 122.0000000 8,100
GAZP 1 20170929 164500 121.9700000 122.0000000 121.9600000 121.9600000 4,260
GAZP 1 20170929 164600 122.0000000 122.1200000 121.9900000 122.0300000 125,880
GAZP 1 20170929 164700 122.0600000 122.1000000 122.0600000 122.1000000 43,190
GAZP 1 20170929 164800 122.0900000 122.1300000 122.0800000 122.0800000 92,770
GAZP 1 20170929 164900 122.0800000 122.1800000 122.0800000 122.1800000 53,350
GAZP 1 20170929 165000 122.1700000 122.2000000 122.1600000 122.1600000 46,640
GAZP 1 20170929 165100 122.1700000 122.2400000 122.1700000 122.2300000 42,260
GAZP 1 20170929 165200 122.2200000 122.2300000 122.2000000 122.2300000 42,510
GAZP 1 20170929 165300 122.2200000 122.2500000 122.2000000 122.2400000 44,500
GAZP 1 20170929 165400 122.2400000 122.2600000 122.2400000 122.2600000 34,070
GAZP 1 20170929 165500 122.2400000 122.2800000 122.2400000 122.2800000 16,630
GAZP 1 20170929 165600 122.2700000 122.2900000 122.2400000 122.2900000 26,240
GAZP 1 20170929 165700 122.2600000 122.3000000 122.2600000 122.3000000 154,210
GAZP 1 20170929 165800 122.3000000 122.3000000 122.2500000 122.2700000 7,960
GAZP 1 20170929 165900 122.2800000 122.2800000 122.2200000 122.2200000 26,590
GAZP 1 20170929 170000 122.2100000 122.2900000 122.1900000 122.1900000 44,280
GAZP 1 20170929 170100 122.2000000 122.2000000 122.1500000 122.2000000 56,990
GAZP 1 20170929 170200 122.2000000 122.2000000 122.1400000 122.1700000 7,770
GAZP 1 20170929 170300 122.1600000 122.2100000 122.1600000 122.2100000 4,430
GAZP 1 20170929 170400 122.2300000 122.2300000 122.1500000 122.1900000 10,550
GAZP 1 20170929 170500 122.1900000 122.2200000 122.1600000 122.2100000 42,480
GAZP 1 20170929 170600 122.1900000 122.1900000 122.1700000 122.1700000 4,250
GAZP 1 20170929 170700 122.1900000 122.2400000 122.1700000 122.1800000 33,100
GAZP 1 20170929 170800 122.1900000 122.2000000 122.1800000 122.2000000 26,740
GAZP 1 20170929 170900 122.1900000 122.2000000 122.1900000 122.2000000 4,340
GAZP 1 20170929 171000 122.2000000 122.2000000 122.1500000 122.1500000 45,000
GAZP 1 20170929 171100 122.1400000 122.1400000 122.0700000 122.0900000 30,590
GAZP 1 20170929 171200 122.0700000 122.0700000 122.0100000 122.0100000 30,640
GAZP 1 20170929 171300 122.0600000 122.0700000 122.0200000 122.0600000 16,310
GAZP 1 20170929 171400 122.0300000 122.0400000 121.9900000 121.9900000 115,630
GAZP 1 20170929 171500 122.0000000 122.0300000 121.9500000 121.9800000 94,950
GAZP 1 20170929 171600 121.9500000 121.9900000 121.8500000 121.8600000 97,430
GAZP 1 20170929 171700 121.8900000 121.9400000 121.8700000 121.9200000 10,560
GAZP 1 20170929 171800 121.9400000 121.9700000 121.9000000 121.9300000 19,000
GAZP 1 20170929 171900 121.9600000 121.9600000 121.9000000 121.9000000 27,690
GAZP 1 20170929 172000 121.9200000 121.9200000 121.8100000 121.8900000 123,540
GAZP 1 20170929 172100 121.9000000 121.9900000 121.9000000 121.9400000 40,850
GAZP 1 20170929 172200 121.9900000 122.0000000 121.9600000 121.9700000 4,270
GAZP 1 20170929 172300 122.0100000 122.0200000 121.9800000 122.0100000 3,870
GAZP 1 20170929 172400 121.9800000 122.0100000 121.9400000 122.0000000 43,360
GAZP 1 20170929 172500 122.0200000 122.0400000 121.9300000 121.9400000 28,150
GAZP 1 20170929 172600 122.0000000 122.0000000 121.9100000 121.9400000 7,770
GAZP 1 20170929 172700 121.9400000 121.9900000 121.9200000 121.9200000 17,710
GAZP 1 20170929 172800 121.9100000 121.9200000 121.8600000 121.8700000 26,230
GAZP 1 20170929 172900 121.9100000 121.9600000 121.8500000 121.8900000 72,190
GAZP 1 20170929 173000 121.9400000 122.0200000 121.9400000 121.9800000 8,210
GAZP 1 20170929 173100 122.0200000 122.0500000 121.9900000 122.0500000 1,440
GAZP 1 20170929 173200 122.0300000 122.0600000 122.0300000 122.0400000 2,810
GAZP 1 20170929 173300 122.0300000 122.0500000 122.0200000 122.0200000 2,870
GAZP 1 20170929 173400 122.0400000 122.0500000 122.0400000 122.0500000 4,740
GAZP 1 20170929 173500 122.0700000 122.1500000 122.0500000 122.1500000 26,940
GAZP 1 20170929 173600 122.1500000 122.1500000 122.1400000 122.1500000 630
GAZP 1 20170929 173700 122.1500000 122.2000000 122.0900000 122.0900000 28,770
GAZP 1 20170929 173800 122.1000000 122.1500000 122.0600000 122.0800000 31,650
GAZP 1 20170929 173900 122.1000000 122.1600000 122.1000000 122.1500000 11,260
GAZP 1 20170929 174000 122.1200000 122.2100000 122.1100000 122.1900000 59,370
GAZP 1 20170929 174100 122.1900000 122.1900000 122.1500000 122.1700000 1,910
GAZP 1 20170929 174200 122.1600000 122.1700000 122.1000000 122.1200000 10,040
GAZP 1 20170929 174300 122.1300000 122.1300000 122.1300000 122.1300000 1,910
GAZP 1 20170929 174400 122.1500000 122.1500000 122.1200000 122.1200000 3,430
GAZP 1 20170929 174500 122.1400000 122.1800000 122.1400000 122.1400000 3,280
GAZP 1 20170929 174600 122.1300000 122.1600000 122.1300000 122.1600000 480
GAZP 1 20170929 174700 122.1600000 122.1900000 122.1100000 122.1100000 10,470
GAZP 1 20170929 174800 122.1100000 122.1900000 122.1100000 122.1900000 4,400
GAZP 1 20170929 174900 122.1800000 122.1800000 122.1600000 122.1800000 1,720
GAZP 1 20170929 175000 122.1600000 122.1800000 122.1600000 122.1800000 2,360
GAZP 1 20170929 175100 122.1900000 122.2000000 122.1600000 122.1600000 8,700
GAZP 1 20170929 175200 122.1800000 122.1800000 122.1500000 122.1800000 1,370
GAZP 1 20170929 175300 122.1800000 122.1800000 122.1800000 122.1800000 8,580
GAZP 1 20170929 175400 122.1800000 122.1900000 122.1700000 122.1900000 9,340
GAZP 1 20170929 175500 122.1600000 122.1700000 122.1400000 122.1700000 12,790
GAZP 1 20170929 175600 122.1700000 122.1700000 122.0700000 122.1100000 16,750
GAZP 1 20170929 175700 122.1200000 122.1300000 122.0200000 122.0400000 42,620
GAZP 1 20170929 175800 122.0400000 122.0800000 122.0400000 122.0800000 1,030
GAZP 1 20170929 175900 122.0600000 122.0900000 122.0200000 122.0900000 23,010
GAZP 1 20170929 180000 122.0600000 122.0800000 122.0100000 122.0200000 70,830
GAZP 1 20170929 180100 122.0000000 122.0000000 121.9600000 122.0000000 31,850
GAZP 1 20170929 180200 121.9600000 122.0100000 121.9600000 122.0100000 2,870
GAZP 1 20170929 180300 121.9700000 122.0000000 121.9600000 121.9600000 4,490
GAZP 1 20170929 180400 121.9900000 122.0000000 121.9600000 121.9900000 37,970
GAZP 1 20170929 180500 121.9900000 121.9900000 121.9500000 121.9500000 20,640
GAZP 1 20170929 180600 121.9600000 121.9800000 121.9500000 121.9600000 19,760
GAZP 1 20170929 180700 121.9600000 122.0100000 121.9500000 122.0100000 11,820
GAZP 1 20170929 180800 122.0500000 122.0800000 122.0100000 122.0700000 8,630
GAZP 1 20170929 180900 122.0500000 122.0600000 122.0300000 122.0300000 4,270
GAZP 1 20170929 181000 122.0300000 122.0300000 122.0000000 122.0000000 10,770
GAZP 1 20170929 181100 122.0100000 122.0300000 122.0000000 122.0300000 5,970
GAZP 1 20170929 181200 122.0100000 122.0400000 122.0100000 122.0400000 4,840
GAZP 1 20170929 181300 122.0500000 122.0900000 122.0400000 122.0700000 20,490
GAZP 1 20170929 181400 122.0400000 122.0900000 122.0400000 122.0500000 21,690
GAZP 1 20170929 181500 122.0800000 122.0900000 122.0600000 122.0900000 1,960
GAZP 1 20170929 181600 122.0900000 122.0900000 122.0500000 122.0800000 14,820
GAZP 1 20170929 181700 122.0800000 122.0900000 122.0200000 122.0500000 28,310
GAZP 1 20170929 181800 122.0500000 122.0800000 122.0100000 122.0500000 24,970
GAZP 1 20170929 181900 122.0600000 122.0600000 122.0500000 122.0500000 6,180
GAZP 1 20170929 182000 122.0500000 122.0600000 122.0100000 122.0400000 18,120
GAZP 1 20170929 182100 122.0300000 122.0600000 122.0100000 122.0500000 35,660
GAZP 1 20170929 182200 122.0600000 122.0900000 122.0500000 122.0500000 32,640
GAZP 1 20170929 182300 122.0700000 122.0800000 122.0500000 122.0800000 8,510
GAZP 1 20170929 182400 122.0800000 122.0800000 122.0300000 122.0500000 51,830
GAZP 1 20170929 182500 122.0300000 122.0300000 122.0100000 122.0100000 5,720
GAZP 1 20170929 182600 122.0200000 122.0500000 122.0200000 122.0200000 19,590
GAZP 1 20170929 182700 122.0300000 122.0500000 122.0000000 122.0000000 53,850
GAZP 1 20170929 182800 122.0200000 122.0500000 122.0000000 122.0400000 30,710
GAZP 1 20170929 182900 122.0400000 122.0400000 122.0200000 122.0200000 5,010
GAZP 1 20170929 183000 122.0200000 122.0700000 121.9900000 122.0100000 51,250
GAZP 1 20170929 183100 122.0000000 122.0300000 121.9500000 122.0300000 65,650
GAZP 1 20170929 183200 122.0300000 122.0700000 122.0100000 122.0600000 9,570
GAZP 1 20170929 183300 122.0600000 122.0700000 122.0300000 122.0700000 9,300
GAZP 1 20170929 183400 122.0400000 122.0900000 122.0400000 122.0900000 9,700
GAZP 1 20170929 183500 122.0600000 122.0600000 122.0100000 122.0200000 11,260
GAZP 1 20170929 183600 122.0200000 122.0800000 122.0100000 122.0300000 52,970
GAZP 1 20170929 183700 122.0200000 122.0300000 122.0000000 122.0000000 60,880
GAZP 1 20170929 183800 122.0300000 122.0300000 121.9800000 121.9900000 80,960
GAZP 1 20170929 183900 121.9900000 121.9900000 121.8700000 121.8700000 226,240
GAZP 1 20170929 184500 122.2000000 122.2000000 122.2000000 122.2000000 855,580
GAZP 1 20170929 184600 122.2000000 122.2000000 122.2000000 122.2000000 1,250
GAZP 1 20170929 184700 122.2000000 122.2000000 122.2000000 122.2000000 900
GAZP 1 20170929 184800 122.2000000 122.2000000 122.2000000 122.2000000 60,030
GAZP 1 20170929 184900 122.2000000 122.2000000 122.2000000 122.2000000 35,110
