031017 0959 193,28 193,28 193,28 193,28 3602
031017 1000 193,25 193,33 193,07 193,25 11137
031017 1001 193,25 193,3 193,23 193,29 8378
031017 1002 193,27 193,3 193,15 193,2 8765
031017 1003 193,19 193,45 193,19 193,4 14797
031017 1004 193,4 193,7 193,39 193,7 31298
031017 1005 193,7 193,87 193,67 193,74 16345
031017 1006 193,68 193,77 193,63 193,65 1732
031017 1007 193,63 193,65 193,34 193,49 6607
031017 1008 193,46 193,68 193,46 193,68 6235
031017 1009 193,68 193,7 193,52 193,52 1545
031017 1010 193,56 193,75 193,55 193,74 5362
031017 1011 193,74 193,86 193,7 193,77 12701
031017 1012 193,75 193,75 193,56 193,7 12194
031017 1013 193,71 193,71 193,48 193,5 13090
031017 1014 193,51 193,51 193,45 193,48 1507
031017 1015 193,49 193,54 193,45 193,54 5130
031017 1016 193,54 193,59 193,48 193,48 2178
031017 1017 193,55 193,55 193,48 193,48 229
031017 1018 193,48 193,55 193,48 193,5 826
031017 1019 193,5 193,53 193,5 193,52 4732
031017 1020 193,51 193,52 193,5 193,52 7602
031017 1021 193,52 193,65 193,51 193,64 14820
031017 1022 193,6 193,74 193,6 193,68 8267
031017 1023 193,71 193,71 193,65 193,65 571
031017 1024 193,67 193,67 193,56 193,6 1032
031017 1025 193,57 193,62 193,56 193,61 2661
031017 1026 193,63 193,74 193,59 193,71 11917
031017 1027 193,7 193,72 193,66 193,71 2985
031017 1028 193,71 193,8 193,66 193,8 17910
031017 1029 193,75 193,79 193,7 193,78 5032
031017 1030 193,77 193,8 193,53 193,53 33570
031017 1031 193,61 193,7 193,59 193,65 2210
031017 1032 193,6 193,67 193,51 193,61 4677
031017 1033 193,67 193,69 193,62 193,69 1880
031017 1034 193,69 193,75 193,65 193,69 8256
031017 1035 193,62 193,67 193,51 193,52 5643
031017 1036 193,52 193,57 193,39 193,5 8152
031017 1037 193,5 193,5 193,23 193,29 14867
031017 1038 193,29 193,45 193,24 193,38 2758
031017 1039 193,38 193,47 193,33 193,45 2792
031017 1040 193,45 193,5 193,45 193,5 1280
031017 1041 193,5 193,5 193,45 193,45 2492
031017 1042 193,49 193,5 193,36 193,45 1939
031017 1043 193,4 193,5 193,4 193,49 3224
031017 1044 193,47 193,47 193,37 193,37 6400
031017 1045 193,41 193,49 193,38 193,47 2957
031017 1046 193,44 193,5 193,38 193,38 8544
031017 1047 193,42 193,46 193,36 193,36 438
031017 1048 193,39 193,43 193,27 193,27 15010
031017 1049 193,3 193,3 193,11 193,2 15990
031017 1050 193,22 193,25 193,17 193,25 795
031017 1051 193,25 193,29 193,19 193,25 1493
031017 1052 193,25 193,25 193,13 193,13 1335
031017 1053 193,16 193,25 193,11 193,2 4880
031017 1054 193,2 193,25 193,2 193,24 535
031017 1055 193,21 193,21 193,11 193,17 3046
031017 1056 193,14 193,24 193,11 193,24 3820
031017 1057 193,23 193,24 193,15 193,22 3201
031017 1058 193,23 193,25 193,15 193,25 15264
031017 1059 193,25 193,35 193,24 193,33 32588
031017 1100 193,34 193,35 193,21 193,32 18242
031017 1101 193,28 193,33 193,12 193,12 12020
031017 1102 193,17 193,32 193,12 193,32 13060
031017 1103 193,32 193,32 193,15 193,23 5098
031017 1104 193,24 193,29 193,16 193,26 12468
031017 1105 193,26 193,35 193,26 193,3 7486
031017 1106 193,33 193,35 193,3 193,35 5479
031017 1107 193,35 193,35 193,25 193,3 5946
031017 1108 193,29 193,31 193,22 193,25 817
031017 1109 193,21 193,32 193,2 193,32 1324
031017 1110 193,27 193,35 193,27 193,34 943
031017 1111 193,31 193,34 193,3 193,34 564
031017 1112 193,3 193,3 193,27 193,27 550
031017 1113 193,3 193,35 193,22 193,22 2089
031017 1114 193,27 193,35 193,22 193,35 708
031017 1115 193,35 193,35 193,2 193,3 4367
031017 1116 193,27 193,27 193,2 193,26 520
031017 1117 193,26 193,3 193,26 193,28 435
031017 1118 193,24 193,26 193,18 193,19 1476
031017 1119 193,18 193,19 193,15 193,18 1880
031017 1120 193,18 193,22 193,16 193,17 930
031017 1121 193,2 193,3 193,2 193,25 1260
031017 1122 193,25 193,3 193,14 193,29 8075
031017 1123 193,25 193,28 193,25 193,25 149
031017 1124 193,24 193,33 193,2 193,33 3189
031017 1125 193,33 193,34 193,28 193,33 859
031017 1126 193,3 193,33 193,2 193,25 7027
031017 1127 193,21 193,25 193,2 193,2 946
031017 1128 193,2 193,2 193,18 193,18 4631
031017 1129 193,2 193,2 193,17 193,2 6003
031017 1130 193,2 193,25 193,19 193,25 6036
031017 1131 193,25 193,3 193,25 193,3 1041
031017 1132 193,3 193,35 193,26 193,35 4214
031017 1133 193,3 193,35 193,3 193,33 2744
031017 1134 193,34 193,35 193,31 193,34 1305
031017 1135 193,34 193,35 193,31 193,34 3836
031017 1136 193,34 193,35 193,3 193,35 1935
031017 1137 193,34 193,35 193,28 193,28 2011
031017 1138 193,35 193,35 193,28 193,28 3304
031017 1139 193,28 193,34 193,26 193,26 1529
031017 1140 193,32 193,35 193,26 193,3 1152
031017 1141 193,28 193,35 193,25 193,35 9400
031017 1142 193,35 193,46 193,3 193,46 29591
031017 1143 193,47 193,5 193,38 193,41 11004
031017 1144 193,46 193,5 193,41 193,47 1106
031017 1145 193,45 193,5 193,42 193,47 7665
031017 1146 193,47 193,5 193,4 193,45 38110
031017 1147 193,5 193,5 193,44 193,47 9691
031017 1148 193,49 193,59 193,44 193,57 3977
031017 1149 193,57 193,8 193,57 193,66 53731
031017 1150 193,65 193,7 193,65 193,7 6546
031017 1151 193,68 193,75 193,67 193,68 5977
031017 1152 193,71 193,71 193,44 193,59 18400
031017 1153 193,58 193,65 193,53 193,65 1673
031017 1154 193,6 193,64 193,54 193,59 2557
031017 1155 193,59 193,6 193,56 193,6 1007
031017 1156 193,6 193,64 193,56 193,6 755
031017 1157 193,59 193,6 193,53 193,59 627
031017 1158 193,57 193,58 193,55 193,58 104
031017 1159 193,58 193,58 193,51 193,58 1222
031017 1200 193,59 193,64 193,58 193,64 439
031017 1201 193,61 193,65 193,6 193,64 335
031017 1202 193,6 193,65 193,58 193,58 190
031017 1203 193,59 193,6 193,48 193,51 2136
031017 1204 193,51 193,59 193,48 193,58 2549
031017 1205 193,58 193,58 193,4 193,4 7014
031017 1206 193,4 193,47 193,4 193,43 756
031017 1207 193,43 193,45 193,4 193,43 356
031017 1208 193,43 193,48 193,43 193,45 1892
031017 1209 193,47 193,48 193,4 193,43 14674
031017 1210 193,43 193,45 193,4 193,4 6929
031017 1211 193,4 193,45 193,28 193,31 4438
031017 1212 193,31 193,4 193,28 193,4 2230
031017 1213 193,39 193,4 193,31 193,38 712
031017 1214 193,35 193,37 193,31 193,36 247
031017 1215 193,33 193,34 193,29 193,32 255
031017 1216 193,31 193,31 193,25 193,28 796
031017 1217 193,28 193,28 193,25 193,26 125
031017 1218 193,28 193,29 193,27 193,28 342
031017 1219 193,27 193,28 193,27 193,27 115
031017 1220 193,26 193,27 193,25 193,25 1176
031017 1221 193,25 193,27 193,24 193,26 127
031017 1222 193,27 193,33 193,26 193,29 1865
031017 1223 193,27 193,27 193,2 193,21 4583
031017 1224 193,2 193,36 193,2 193,34 5208
031017 1225 193,33 193,33 193,3 193,3 184
031017 1226 193,31 193,55 193,31 193,46 19294
031017 1227 193,47 193,66 193,47 193,62 3798
031017 1228 193,6 193,65 193,6 193,61 3409
031017 1229 193,61 193,64 193,61 193,61 2206
031017 1230 193,61 193,61 193,38 193,42 11508
031017 1231 193,43 193,43 193,39 193,39 584
031017 1232 193,4 193,45 193,37 193,41 1266
031017 1233 193,48 193,48 193,45 193,45 2
031017 1234 193,45 193,52 193,4 193,46 8467
031017 1235 193,45 193,45 193,45 193,45 1
031017 1236 193,45 193,45 193,45 193,45 1
031017 1237 193,42 193,45 193,31 193,32 2310
031017 1238 193,34 193,34 193,31 193,31 280
031017 1239 193,33 193,33 193,3 193,3 368
031017 1241 193,33 193,36 193,29 193,36 568
031017 1242 193,36 193,36 193,36 193,36 1
031017 1243 193,32 193,37 193,3 193,3 897
031017 1244 193,3 193,3 193,2 193,24 7441
031017 1245 193,22 193,29 193,2 193,25 1230
031017 1246 193,3 193,3 193,25 193,29 1048
031017 1247 193,29 193,3 193,29 193,3 221
031017 1248 193,3 193,36 193,3 193,32 6608
031017 1249 193,37 193,37 193,26 193,3 1816
031017 1250 193,3 193,4 193,26 193,39 1582
031017 1251 193,39 193,42 193,29 193,37 12973
031017 1252 193,34 193,34 193,34 193,34 1
031017 1253 193,37 193,38 193,31 193,38 23
031017 1254 193,38 193,41 193,32 193,32 4510
031017 1255 193,33 193,34 193,29 193,29 860
031017 1256 193,27 193,3 193,26 193,26 294
031017 1257 193,25 193,33 193,24 193,28 516
031017 1258 193,27 193,38 193,27 193,38 1873
031017 1259 193,38 193,46 193,32 193,4 1330
031017 1300 193,44 193,49 193,43 193,49 1633
031017 1301 193,47 193,47 193,4 193,43 90
031017 1302 193,41 193,43 193,36 193,36 351
031017 1303 193,36 193,37 193,35 193,37 365
031017 1304 193,33 193,34 193,33 193,34 143
031017 1305 193,33 193,43 193,33 193,33 964
031017 1306 193,41 193,41 193,37 193,37 3
031017 1307 193,39 193,41 193,37 193,41 497
031017 1308 193,41 193,41 193,41 193,41 11
031017 1309 193,41 193,44 193,4 193,44 151
031017 1310 193,42 193,48 193,42 193,47 1045
031017 1311 193,47 193,5 193,41 193,41 873
031017 1312 193,41 193,49 193,4 193,42 2277
031017 1313 193,48 193,49 193,46 193,49 1003
031017 1314 193,48 193,49 193,46 193,48 179
031017 1315 193,48 193,48 193,48 193,48 79
031017 1316 193,46 193,46 193,34 193,34 1627
031017 1317 193,37 193,37 193,37 193,37 5
031017 1318 193,36 193,36 193,31 193,31 1036
031017 1319 193,31 193,32 193,3 193,3 83
031017 1320 193,3 193,3 193,21 193,21 4696
031017 1321 193,2 193,2 193 193,07 50777
031017 1322 193,08 193,1 192,85 192,85 31872
031017 1323 192,87 192,91 192,81 192,83 3442
031017 1324 192,82 192,95 192,81 192,94 5288
031017 1325 192,91 192,95 192,85 192,86 2345
031017 1326 192,86 192,95 192,86 192,94 1885
031017 1327 192,91 192,94 192,83 192,83 2260
031017 1328 192,85 192,88 192,65 192,78 23010
031017 1329 192,75 192,78 192,63 192,71 11146
031017 1330 192,69 192,81 192,67 192,79 3845
031017 1331 192,79 192,8 192,7 192,7 9044
031017 1332 192,72 192,74 192,59 192,74 10379
031017 1333 192,72 192,72 192,5 192,52 21955
031017 1334 192,53 192,59 192,5 192,57 1398
031017 1335 192,57 192,66 192,53 192,66 1591
031017 1336 192,67 192,78 192,6 192,77 1170
031017 1337 192,71 192,8 192,71 192,72 832
031017 1338 192,72 192,83 192,7 192,75 2676
031017 1339 192,8 192,82 192,75 192,75 1392
031017 1340 192,79 192,79 192,74 192,77 421
031017 1341 192,78 192,8 192,75 192,79 530
031017 1342 192,76 192,76 192,62 192,67 10638
031017 1343 192,68 192,76 192,64 192,69 2968
031017 1344 192,75 192,78 192,69 192,71 1695
031017 1345 192,77 192,78 192,7 192,7 2007
031017 1346 192,7 192,8 192,7 192,78 2436
031017 1347 192,8 192,9 192,76 192,9 1102
031017 1348 192,88 192,88 192,86 192,86 652
031017 1349 192,82 192,87 192,82 192,86 158
031017 1350 192,88 192,91 192,8 192,8 1897
031017 1351 192,87 192,89 192,84 192,89 653
031017 1352 192,88 192,9 192,75 192,77 2124
031017 1353 192,81 192,81 192,71 192,76 1472
031017 1354 192,8 192,81 192,7 192,76 2431
031017 1355 192,77 192,83 192,72 192,82 911
031017 1356 192,81 192,85 192,76 192,78 1300
031017 1357 192,84 192,84 192,79 192,82 471
031017 1358 192,78 192,81 192,77 192,8 1170
031017 1359 192,82 192,84 192,77 192,8 727
031017 1400 192,79 192,79 192,72 192,78 972
031017 1401 192,78 192,83 192,71 192,72 2320
031017 1402 192,72 192,8 192,69 192,75 3978
031017 1403 192,75 192,75 192,75 192,75 2
031017 1404 192,82 192,82 192,82 192,82 1
031017 1405 192,78 192,78 192,7 192,75 2299
031017 1406 192,75 192,76 192,71 192,74 485
031017 1407 192,73 192,73 192,68 192,73 804
031017 1408 192,7 192,79 192,7 192,78 1520
031017 1409 192,78 192,83 192,77 192,8 904
031017 1410 192,8 192,85 192,78 192,83 1355
031017 1411 192,83 192,9 192,83 192,9 1532
031017 1412 192,9 193,02 192,85 192,87 12788
031017 1413 192,87 192,87 192,87 192,87 381
031017 1414 192,85 192,86 192,8 192,8 717
031017 1415 192,8 192,82 192,7 192,74 5210
031017 1416 192,7 192,72 192,62 192,64 19655
031017 1417 192,63 192,68 192,6 192,65 3494
031017 1418 192,67 192,68 192,61 192,61 927
031017 1419 192,61 192,63 192,59 192,59 1025
031017 1420 192,59 192,63 192,53 192,56 2974
031017 1421 192,57 192,61 192,4 192,42 30575
031017 1422 192,4 192,41 192,4 192,41 1591
031017 1423 192,41 192,43 192,4 192,4 1251
031017 1424 192,4 192,46 192,4 192,45 1152
031017 1425 192,45 192,47 192,45 192,47 859
031017 1426 192,47 192,58 192,47 192,58 1769
031017 1427 192,59 192,64 192,49 192,56 2328
031017 1428 192,55 192,55 192,43 192,48 2883
031017 1429 192,45 192,5 192,43 192,48 854
031017 1430 192,48 192,49 192,45 192,48 874
031017 1431 192,46 192,6 192,45 192,6 829
031017 1432 192,56 192,58 192,45 192,45 2159
031017 1433 192,48 192,6 192,45 192,6 1951
031017 1434 192,61 192,68 192,58 192,64 4308
031017 1435 192,65 192,76 192,65 192,7 2318
031017 1436 192,74 192,88 192,7 192,88 2282
031017 1437 192,88 192,95 192,82 192,82 2456
031017 1438 192,83 192,89 192,83 192,85 1144
031017 1439 192,84 192,94 192,83 192,93 5252
031017 1440 192,92 192,96 192,92 192,96 1719
031017 1441 192,97 193,15 192,94 193,07 18287
031017 1442 193,06 193,13 193,05 193,1 12685
031017 1443 193,13 193,13 193,09 193,09 3333
031017 1444 193,09 193,13 192,97 193,04 17565
031017 1445 193,04 193,09 193,01 193,02 271
031017 1446 193,02 193,06 193 193 752
031017 1447 193 193,11 193 193,09 1031
031017 1448 193,1 193,12 193,05 193,1 1895
031017 1449 193,1 193,28 193,09 193,26 7180
031017 1450 193,27 193,29 193,2 193,2 2367
031017 1451 193,2 193,2 193,01 193,03 3344
031017 1452 193,03 193,03 192,93 193 5640
031017 1453 193 193 192,98 192,99 516
031017 1454 192,99 193 192,98 192,98 4666
031017 1455 192,98 192,98 192,84 192,87 4882
031017 1456 192,86 193 192,85 193 2539
031017 1457 193 193 192,92 192,94 8421
031017 1458 192,94 192,97 192,9 192,97 321
031017 1459 192,96 193 192,92 192,92 1775
031017 1500 192,91 192,93 192,9 192,91 2146
031017 1501 192,93 193,14 192,93 193,14 4141
031017 1502 193,14 193,14 193,07 193,12 114
031017 1503 193,07 193,12 193,07 193,12 1428
031017 1504 193,11 193,11 193,1 193,1 329
031017 1505 193,1 193,12 193,1 193,1 1123
031017 1506 193,1 193,12 193,08 193,12 1234
031017 1507 193,13 193,16 193,13 193,16 841
031017 1508 193,16 193,2 193,1 193,12 10760
031017 1509 193,12 193,12 193,04 193,04 1634
031017 1510 193,05 193,05 193 193 2075
031017 1511 193,02 193,02 193 193 171
031017 1512 193 193 192,94 192,97 2601
031017 1513 192,97 192,97 192,91 192,91 705
031017 1514 192,95 192,98 192,89 192,92 1973
031017 1515 192,95 192,97 192,94 192,94 95
031017 1516 192,94 192,98 192,94 192,98 1169
031017 1517 192,96 192,97 192,95 192,95 115
031017 1518 192,95 192,95 192,84 192,86 895
031017 1519 192,86 192,86 192,78 192,81 5094
031017 1520 192,81 192,91 192,8 192,91 4939
031017 1521 192,87 192,87 192,82 192,85 1291
031017 1522 192,84 192,84 192,66 192,67 16947
031017 1523 192,66 192,82 192,65 192,74 4764
031017 1524 192,76 192,76 192,68 192,72 3023
031017 1525 192,68 192,75 192,52 192,65 11982
031017 1526 192,7 192,75 192,66 192,75 1087
031017 1527 192,69 192,77 192,68 192,74 1129
031017 1528 192,73 192,74 192,6 192,61 6838
031017 1529 192,66 192,72 192,61 192,65 3405
031017 1530 192,65 192,65 192,51 192,52 12655
031017 1531 192,54 192,7 192,54 192,68 4925
031017 1532 192,67 192,75 192,67 192,75 456
031017 1533 192,74 192,74 192,7 192,71 22
031017 1534 192,73 192,75 192,71 192,72 2155
031017 1535 192,71 192,72 192,67 192,69 424
031017 1536 192,69 192,69 192,67 192,67 126
031017 1537 192,67 192,68 192,5 192,6 16685
031017 1538 192,6 192,7 192,6 192,61 16850
031017 1539 192,68 192,71 192,67 192,7 3917
031017 1540 192,67 192,68 192,53 192,54 8182
031017 1541 192,54 192,72 192,54 192,72 1142
031017 1542 192,67 192,72 192,67 192,72 436
031017 1543 192,71 192,72 192,7 192,72 2168
031017 1544 192,72 192,89 192,7 192,83 6364
031017 1545 192,88 192,88 192,83 192,83 301
031017 1546 192,84 193 192,84 192,9 1595
031017 1547 192,96 192,96 192,93 192,95 1491
031017 1548 192,95 192,96 192,94 192,95 878
031017 1549 192,95 193 192,88 192,97 2761
031017 1550 192,96 193 192,85 192,86 2475
031017 1551 192,88 192,88 192,85 192,85 531
031017 1552 192,85 192,87 192,85 192,87 46
031017 1553 192,87 192,9 192,86 192,86 956
031017 1554 192,89 192,89 192,87 192,89 181
031017 1555 192,9 192,9 192,88 192,88 147
031017 1556 192,89 192,9 192,87 192,9 1475
031017 1557 192,9 192,9 192,89 192,89 611
031017 1558 192,89 192,89 192,87 192,87 1348
031017 1559 192,87 192,89 192,66 192,66 13057
031017 1600 192,66 192,76 192,63 192,65 2018
031017 1601 192,67 192,76 192,67 192,74 1365
031017 1602 192,76 192,87 192,74 192,87 1176
031017 1603 192,9 192,9 192,85 192,85 548
031017 1604 192,88 192,89 192,84 192,84 197
031017 1605 192,88 192,88 192,84 192,84 104
031017 1606 192,88 192,88 192,84 192,84 614
031017 1607 192,85 192,88 192,85 192,88 132
031017 1608 192,87 192,92 192,87 192,88 1360
031017 1609 192,93 193,01 192,89 192,95 3414
031017 1610 192,9 192,92 192,9 192,9 812
031017 1611 192,92 192,92 192,83 192,83 1771
031017 1612 192,85 192,92 192,85 192,87 748
031017 1613 192,88 192,91 192,86 192,86 354
031017 1614 192,86 192,89 192,84 192,86 951
031017 1615 192,88 192,89 192,78 192,78 10306
031017 1616 192,78 192,78 192,7 192,7 1424
031017 1617 192,7 192,71 192,69 192,71 1807
031017 1618 192,71 192,75 192,7 192,7 571
031017 1619 192,7 192,72 192,66 192,7 846
031017 1620 192,72 192,72 192,68 192,68 1206
031017 1621 192,68 192,68 192,6 192,63 3769
031017 1622 192,6 192,64 192,59 192,59 1710
031017 1623 192,59 192,65 192,51 192,64 10107
031017 1624 192,64 192,65 192,64 192,65 6001
031017 1625 192,68 192,86 192,6 192,79 13878
031017 1626 192,8 193,05 192,76 193,05 92943
031017 1627 193,05 193,1 192,96 193,08 35617
031017 1628 193,08 193,1 192,99 193 14290
031017 1629 193 193,04 192,92 192,97 2115
031017 1630 192,93 193,02 192,9 193,02 6419
031017 1631 193 193,19 193 193,17 11585
031017 1632 193,17 193,24 193,11 193,11 22214
031017 1633 193,11 193,13 193,05 193,09 509
031017 1634 193,09 193,17 193,09 193,16 3085
031017 1635 193,12 193,2 193,1 193,19 4254
031017 1636 193,13 193,17 193,1 193,11 398
031017 1637 193,15 193,17 193,1 193,11 392
031017 1638 193,14 193,24 193,14 193,2 5991
031017 1639 193,2 193,25 193,18 193,24 5808
031017 1640 193,24 193,25 193,21 193,21 10775
031017 1641 193,2 193,2 193,1 193,14 2947
031017 1642 193,14 193,17 193 193 4417
031017 1643 193,05 193,1 192,95 192,98 5275
031017 1644 193,03 193,07 192,92 193,04 4973
031017 1645 193,04 193,04 192,98 193,04 226
031017 1646 193,04 193,1 193,04 193,09 1730
031017 1647 193,08 193,08 193 193 464
031017 1648 193 193,03 192,98 193,01 585
031017 1649 192,99 193,1 192,99 193,04 4593
031017 1650 193,08 193,2 193,08 193,16 5843
031017 1651 193,2 193,28 193,09 193,26 16871
031017 1652 193,28 193,3 193,22 193,3 30091
031017 1653 193,3 193,4 193,26 193,35 15482
031017 1654 193,35 193,45 193,26 193,4 14390
031017 1655 193,32 193,5 193,31 193,43 23368
031017 1656 193,45 193,58 193,38 193,46 19569
031017 1657 193,41 193,5 193,39 193,39 4468
031017 1658 193,4 193,5 193,37 193,45 3820
031017 1659 193,45 193,58 193,45 193,51 10621
031017 1700 193,57 193,59 193,34 193,35 10509
031017 1701 193,35 193,45 193,33 193,34 2789
031017 1702 193,34 193,39 193,34 193,39 531
031017 1703 193,39 193,45 193,3 193,42 9558
031017 1704 193,44 193,45 193,44 193,45 8887
031017 1705 193,45 193,67 193,45 193,61 49646
031017 1706 193,65 193,67 193,49 193,52 14955
031017 1707 193,59 193,61 193,44 193,45 3430
031017 1708 193,45 193,61 193,45 193,6 7489
031017 1709 193,6 193,64 193,54 193,54 16593
031017 1710 193,54 193,61 193,46 193,46 11703
031017 1711 193,46 193,52 193,42 193,51 5446
031017 1712 193,48 193,52 193,47 193,5 1264
031017 1713 193,5 193,52 193,37 193,38 6138
031017 1714 193,38 193,49 193,38 193,49 1241
031017 1715 193,46 193,5 193,43 193,46 615
031017 1716 193,47 193,52 193,45 193,51 2256
031017 1717 193,45 193,5 193,4 193,4 1251
031017 1718 193,46 193,49 193,39 193,4 3690
031017 1719 193,4 193,4 193,32 193,36 2373
031017 1720 193,36 193,39 193,31 193,38 5343
031017 1721 193,37 193,4 193,36 193,4 1224
031017 1722 193,43 193,49 193,39 193,43 1929
031017 1723 193,45 193,48 193,39 193,41 753
031017 1724 193,47 193,5 193,37 193,49 11958
031017 1725 193,49 193,51 193,25 193,36 10371
031017 1726 193,35 193,36 193,17 193,23 15067
031017 1727 193,23 193,23 193,15 193,17 10723
031017 1728 193,19 193,2 193,01 193,06 40231
031017 1729 193,06 193,14 193,03 193,1 4442
031017 1730 193,1 193,23 193,1 193,2 731
031017 1731 193,2 193,24 193,11 193,14 7070
031017 1732 193,14 193,19 193,12 193,15 714
031017 1733 193,16 193,2 193,16 193,2 339
031017 1734 193,19 193,2 193,14 193,15 3311
031017 1735 193,13 193,19 193,12 193,19 508
031017 1736 193,19 193,22 193,19 193,2 2318
031017 1737 193,2 193,2 193,18 193,2 680
031017 1738 193,18 193,2 193,18 193,2 182
031017 1739 193,2 193,2 193,14 193,15 973
031017 1740 193,15 193,15 192,94 192,99 19042
031017 1741 192,97 193,05 192,9 192,92 7847
031017 1742 192,93 193,02 192,91 193,02 9033
031017 1743 193,01 193,02 192,9 192,95 11463
031017 1744 193,04 193,05 192,91 192,91 10869
031017 1745 192,92 192,93 192,9 192,91 1795
031017 1746 192,9 193,02 192,9 192,98 2572
031017 1747 192,98 193,15 192,98 193 13223
031017 1748 193 193,08 193 193,07 832
031017 1749 193,08 193,17 193,08 193,15 2964
031017 1750 193,1 193,19 193,1 193,19 1392
031017 1751 193,2 193,2 193,19 193,2 3552
031017 1752 193,2 193,2 193,15 193,18 1084
031017 1753 193,18 193,18 193,15 193,15 9
031017 1754 193,18 193,2 193,17 193,19 1041
031017 1755 193,17 193,18 193,1 193,15 1155
031017 1756 193,18 193,2 193,15 193,15 960
031017 1757 193,15 193,19 193,15 193,18 609
031017 1758 193,19 193,19 193,06 193,08 645
031017 1759 193,06 193,09 193,06 193,09 36
031017 1800 193,06 193,08 192,81 192,81 19900
031017 1801 192,81 192,85 192,79 192,83 11294
031017 1802 192,84 192,85 192,7 192,78 9314
031017 1803 192,77 192,8 192,73 192,74 1786
031017 1804 192,75 192,8 192,75 192,8 773
031017 1805 192,78 192,78 192,6 192,74 10842
031017 1806 192,71 192,73 192,55 192,64 8751
031017 1807 192,64 192,64 192,6 192,61 2531
031017 1808 192,67 192,73 192,67 192,73 1094
031017 1809 192,73 192,78 192,73 192,78 1687
031017 1810 192,74 192,74 192,7 192,7 741
031017 1811 192,69 192,84 192,69 192,79 2981
031017 1812 192,8 192,84 192,79 192,84 4411
031017 1813 192,82 192,82 192,7 192,7 6705
031017 1814 192,76 192,78 192,63 192,63 2484
031017 1815 192,63 192,63 192,25 192,5 85021
031017 1816 192,49 192,53 192,41 192,47 4498
031017 1817 192,47 192,53 192,43 192,44 14613
031017 1818 192,44 192,53 192,44 192,5 1239
031017 1819 192,53 192,6 192,5 192,55 3074
031017 1820 192,56 192,6 192,51 192,56 595
031017 1821 192,54 192,62 192,5 192,62 3323
031017 1822 192,62 192,7 192,6 192,69 14807
031017 1823 192,68 192,7 192,64 192,69 804
031017 1824 192,69 192,69 192,64 192,67 1928
031017 1825 192,64 192,67 192,63 192,66 1050
031017 1826 192,65 192,65 192,58 192,6 2453
031017 1827 192,6 192,65 192,6 192,65 1375
031017 1828 192,65 192,65 192,46 192,46 31576
031017 1829 192,46 192,51 192,45 192,47 789
031017 1830 192,48 192,53 192,45 192,53 646
031017 1831 192,51 192,56 192,51 192,51 942
031017 1832 192,53 192,57 192,45 192,45 8546
031017 1833 192,45 192,49 192,4 192,43 7757
031017 1834 192,4 192,49 192,23 192,23 41481
031017 1835 192,24 192,33 192,13 192,3 49614
031017 1836 192,29 192,42 192,2 192,35 6773
031017 1837 192,35 192,54 192,35 192,54 8347
031017 1838 192,55 192,55 192,4 192,5 7922
031017 1839 192,48 192,55 192,36 192,5 5294
031017 1845 192,5 192,5 192,5 192,5 12813
031017 1846 192,5 192,5 192,5 192,5 106
031017 1847 192,5 192,5 192,5 192,5 3425
031017 1848 192,5 192,5 192,5 192,5 532
031017 1849 192,5 192,5 192,5 192,5 500
